#Xaxis_B1     YlengthB1     discharge_B1   dischargeEFF_B1  dischargeINEFF_B1  rech_Moulins_B1  rech_meltR_B1  P_B1
1.562500e-01  2.000000e+04  -0.000000e+00  -0.000000e+00    -0.000000e+00      9.015860e+01     1.566699e+00   6.755030e-02
4.687500e-01  2.000000e+04  9.187974e+01   5.401384e+00     8.647836e+01       9.015810e+01     1.566690e+00   1.821765e-01
7.812500e-01  2.000000e+04  9.187922e+01   7.210180e-01     9.115821e+01       9.015761e+01     1.566669e+00   2.935487e-01
1.093750e+00  2.000000e+04  9.187870e+01   2.383219e-01     9.164038e+01       9.015711e+01     1.566644e+00   4.019335e-01
1.406250e+00  2.000000e+04  9.187817e+01   1.246559e-01     9.175352e+01       9.015662e+01     1.566616e+00   5.075492e-01
1.718750e+00  2.000000e+04  9.187764e+01   8.706757e-02     9.179057e+01       9.015612e+01     1.566581e+00   6.105804e-01
2.031250e+00  2.000000e+04  9.187710e+01   7.466404e-02     9.180243e+01       9.015563e+01     1.566537e+00   7.111802e-01
2.343750e+00  2.000000e+04  9.187653e+01   7.467274e-02     9.180186e+01       9.015513e+01     1.566478e+00   8.094697e-01
2.656250e+00  2.000000e+04  9.187595e+01   8.385047e-02     9.179210e+01       9.015463e+01     1.566395e+00   9.055334e-01
2.968750e+00  2.000000e+04  9.187532e+01   1.024870e-01     9.177283e+01       9.015414e+01     1.566275e+00   9.994107e-01
3.281250e+00  2.000000e+04  9.187463e+01   1.328749e-01     9.174176e+01       9.015364e+01     1.566099e+00   1.091084e+00
3.593750e+00  2.000000e+04  9.187384e+01   1.789260e-01     9.169492e+01       9.015315e+01     1.565834e+00   1.180461e+00
3.906250e+00  2.000000e+04  9.187291e+01   2.460699e-01     9.162684e+01       9.015265e+01     1.565436e+00   1.267353e+00
4.218750e+00  2.000000e+04  9.187176e+01   3.410799e-01     9.153068e+01       9.015216e+01     1.564842e+00   1.351456e+00
4.531250e+00  2.000000e+04  9.187031e+01   4.715737e-01     9.139873e+01       9.015166e+01     1.563966e+00   1.432328e+00
4.843750e+00  2.000000e+04  9.186842e+01   6.449900e-01     9.122343e+01       9.015117e+01     1.562699e+00   1.509389e+00
5.156250e+00  2.000000e+04  9.186595e+01   8.669675e-01     9.099898e+01       9.015067e+01     1.560906e+00   1.581937e+00
5.468750e+00  2.000000e+04  9.186274e+01   1.139334e+00     9.072341e+01       9.015017e+01     1.558438e+00   1.649206e+00
5.781250e+00  2.000000e+04  9.185863e+01   1.458283e+00     9.040034e+01       9.014968e+01     1.555141e+00   1.710450e+00
6.093750e+00  2.000000e+04  9.185345e+01   1.813560e+00     9.003989e+01       9.014918e+01     1.550879e+00   1.765057e+00
6.406250e+00  2.000000e+04  9.184709e+01   2.189317e+00     8.965777e+01       9.014869e+01     1.545547e+00   1.812651e+00
6.718750e+00  2.000000e+04  9.183951e+01   2.566637e+00     8.927287e+01       9.014819e+01     1.539097e+00   1.853162e+00
7.031250e+00  2.000000e+04  9.183070e+01   2.926928e+00     8.890378e+01       9.014770e+01     1.531537e+00   1.886834e+00
7.343750e+00  2.000000e+04  9.182075e+01   3.255003e+00     8.856575e+01       9.014720e+01     1.522930e+00   1.914177e+00
7.656250e+00  2.000000e+04  9.180976e+01   3.540883e+00     8.826888e+01       9.014670e+01     1.513381e+00   1.935881e+00
7.968750e+00  2.000000e+04  9.179788e+01   3.780097e+00     8.801779e+01       9.014621e+01     1.503023e+00   1.952725e+00
8.281250e+00  2.000000e+04  9.178527e+01   3.972815e+00     8.781246e+01       9.014571e+01     1.491997e+00   1.965496e+00
8.593750e+00  2.000000e+04  9.177208e+01   4.122434e+00     8.764964e+01       9.014522e+01     1.480440e+00   1.974931e+00
8.906250e+00  2.000000e+04  9.175843e+01   4.234156e+00     8.752428e+01       9.014472e+01     1.468477e+00   1.981681e+00
9.218750e+00  2.000000e+04  9.174446e+01   4.313844e+00     8.743062e+01       9.014423e+01     1.456216e+00   1.986303e+00
9.531250e+00  2.000000e+04  9.173027e+01   4.367259e+00     8.736301e+01       9.014373e+01     1.443748e+00   1.989259e+00
9.843750e+00  2.000000e+04  9.171592e+01   4.399624e+00     8.731630e+01       9.014324e+01     1.431147e+00   1.990922e+00
1.015625e+01  2.000000e+04  9.170150e+01   4.415435e+00     8.728606e+01       9.014274e+01     1.418470e+00   1.991589e+00
1.046875e+01  2.000000e+04  9.168704e+01   4.418426e+00     8.726861e+01       9.014224e+01     1.405765e+00   1.991497e+00
1.078125e+01  2.000000e+04  9.167259e+01   4.411624e+00     8.726097e+01       9.014175e+01     1.393065e+00   1.990827e+00
1.109375e+01  2.000000e+04  9.165817e+01   4.397434e+00     8.726074e+01       9.014125e+01     1.380398e+00   1.989722e+00
1.140625e+01  2.000000e+04  9.164382e+01   4.377747e+00     8.726607e+01       9.014076e+01     1.367784e+00   1.988293e+00
1.171875e+01  2.000000e+04  9.162953e+01   4.354031e+00     8.727550e+01       9.014026e+01     1.355236e+00   1.986624e+00
1.203125e+01  2.000000e+04  9.161533e+01   4.327418e+00     8.728792e+01       9.013977e+01     1.342767e+00   1.984780e+00
1.234375e+01  2.000000e+04  9.160123e+01   4.298778e+00     8.730245e+01       9.013927e+01     1.330384e+00   1.982811e+00
1.265625e+01  2.000000e+04  9.158723e+01   4.268773e+00     8.731845e+01       9.013877e+01     1.318091e+00   1.980756e+00
1.296875e+01  2.000000e+04  9.157333e+01   4.237905e+00     8.733542e+01       9.013828e+01     1.305893e+00   1.978643e+00
1.328125e+01  2.000000e+04  9.155953e+01   4.206555e+00     8.735298e+01       9.013778e+01     1.293790e+00   1.976494e+00
1.359375e+01  2.000000e+04  9.154584e+01   4.175008e+00     8.737083e+01       9.013729e+01     1.281785e+00   1.974328e+00
1.390625e+01  2.000000e+04  9.153226e+01   4.143479e+00     8.738878e+01       9.013679e+01     1.269877e+00   1.972155e+00
1.421875e+01  2.000000e+04  9.151879e+01   4.112125e+00     8.740666e+01       9.013630e+01     1.258066e+00   1.969987e+00
1.453125e+01  2.000000e+04  9.150542e+01   4.081063e+00     8.742435e+01       9.013580e+01     1.246351e+00   1.967830e+00
1.484375e+01  2.000000e+04  9.149215e+01   4.050376e+00     8.744178e+01       9.013531e+01     1.234731e+00   1.965689e+00
1.515625e+01  2.000000e+04  9.147899e+01   4.020125e+00     8.745887e+01       9.013481e+01     1.223204e+00   1.963568e+00
1.546875e+01  2.000000e+04  9.146593e+01   3.990351e+00     8.747558e+01       9.013431e+01     1.211770e+00   1.961471e+00
1.578125e+01  2.000000e+04  9.145297e+01   3.961080e+00     8.749189e+01       9.013382e+01     1.200426e+00   1.959399e+00
1.609375e+01  2.000000e+04  9.144011e+01   3.932328e+00     8.750778e+01       9.013332e+01     1.189172e+00   1.957354e+00
1.640625e+01  2.000000e+04  9.142734e+01   3.904105e+00     8.752323e+01       9.013283e+01     1.178005e+00   1.955337e+00
1.671875e+01  2.000000e+04  9.141466e+01   3.876413e+00     8.753825e+01       9.013233e+01     1.166923e+00   1.953347e+00
1.703125e+01  2.000000e+04  9.140208e+01   3.849250e+00     8.755283e+01       9.013184e+01     1.155925e+00   1.951385e+00
1.734375e+01  2.000000e+04  9.138959e+01   3.822610e+00     8.756698e+01       9.013134e+01     1.145010e+00   1.949452e+00
1.765625e+01  2.000000e+04  9.137719e+01   3.796486e+00     8.758071e+01       9.013084e+01     1.134175e+00   1.947546e+00
1.796875e+01  2.000000e+04  9.136488e+01   3.770868e+00     8.759401e+01       9.013035e+01     1.123419e+00   1.945669e+00
1.828125e+01  2.000000e+04  9.135265e+01   3.745747e+00     8.760690e+01       9.012985e+01     1.112741e+00   1.943818e+00
1.859375e+01  2.000000e+04  9.134050e+01   3.721110e+00     8.761939e+01       9.012936e+01     1.102138e+00   1.941994e+00
1.890625e+01  2.000000e+04  9.132843e+01   3.696946e+00     8.763149e+01       9.012886e+01     1.091610e+00   1.940197e+00
1.921875e+01  2.000000e+04  9.131645e+01   3.673242e+00     8.764321e+01       9.012837e+01     1.081155e+00   1.938426e+00
1.953125e+01  2.000000e+04  9.130454e+01   3.649988e+00     8.765456e+01       9.012787e+01     1.070772e+00   1.936679e+00
1.984375e+01  2.000000e+04  9.129271e+01   3.627171e+00     8.766554e+01       9.012738e+01     1.060458e+00   1.934958e+00
2.015625e+01  2.000000e+04  9.128096e+01   3.604779e+00     8.767618e+01       9.012688e+01     1.050213e+00   1.933261e+00
2.046875e+01  2.000000e+04  9.126928e+01   3.582800e+00     8.768648e+01       9.012638e+01     1.040036e+00   1.931587e+00
2.078125e+01  2.000000e+04  9.125767e+01   3.561223e+00     8.769645e+01       9.012589e+01     1.029925e+00   1.929936e+00
2.109375e+01  2.000000e+04  9.124614e+01   3.540037e+00     8.770610e+01       9.012539e+01     1.019879e+00   1.928308e+00
2.140625e+01  2.000000e+04  9.123467e+01   3.519232e+00     8.771544e+01       9.012490e+01     1.009897e+00   1.926702e+00
2.171875e+01  2.000000e+04  9.122328e+01   3.498797e+00     8.772448e+01       9.012440e+01     9.999767e-01   1.925118e+00
2.203125e+01  2.000000e+04  9.121195e+01   3.478721e+00     8.773323e+01       9.012391e+01     9.901184e-01   1.923554e+00
2.234375e+01  2.000000e+04  9.120069e+01   3.458996e+00     8.774169e+01       9.012341e+01     9.803205e-01   1.922011e+00
2.265625e+01  2.000000e+04  9.118949e+01   3.439612e+00     8.774988e+01       9.012291e+01     9.705819e-01   1.920488e+00
2.296875e+01  2.000000e+04  9.117836e+01   3.420559e+00     8.775780e+01       9.012242e+01     9.609015e-01   1.918984e+00
2.328125e+01  2.000000e+04  9.116728e+01   3.401830e+00     8.776545e+01       9.012192e+01     9.512784e-01   1.917500e+00
2.359375e+01  2.000000e+04  9.115628e+01   3.383416e+00     8.777286e+01       9.012143e+01     9.417116e-01   1.916035e+00
2.390625e+01  2.000000e+04  9.114533e+01   3.365308e+00     8.778002e+01       9.012093e+01     9.322001e-01   1.914587e+00
2.421875e+01  2.000000e+04  9.113444e+01   3.347499e+00     8.778694e+01       9.012044e+01     9.227430e-01   1.913158e+00
2.453125e+01  2.000000e+04  9.112361e+01   3.329982e+00     8.779363e+01       9.011994e+01     9.133394e-01   1.911746e+00
2.484375e+01  2.000000e+04  9.111284e+01   3.312749e+00     8.780009e+01       9.011945e+01     9.039885e-01   1.910351e+00
2.515625e+01  2.000000e+04  9.110213e+01   3.295793e+00     8.780633e+01       9.011895e+01     8.946893e-01   1.908973e+00
2.546875e+01  2.000000e+04  9.109147e+01   3.279108e+00     8.781236e+01       9.011845e+01     8.854410e-01   1.907612e+00
2.578125e+01  2.000000e+04  9.108086e+01   3.262688e+00     8.781818e+01       9.011796e+01     8.762429e-01   1.906266e+00
2.609375e+01  2.000000e+04  9.107031e+01   3.246526e+00     8.782379e+01       9.011746e+01     8.670941e-01   1.904937e+00
2.640625e+01  2.000000e+04  9.105982e+01   3.230616e+00     8.782920e+01       9.011697e+01     8.579939e-01   1.903622e+00
2.671875e+01  2.000000e+04  9.104937e+01   3.214953e+00     8.783442e+01       9.011647e+01     8.489415e-01   1.902323e+00
2.703125e+01  2.000000e+04  9.103898e+01   3.199532e+00     8.783945e+01       9.011598e+01     8.399362e-01   1.901039e+00
2.734375e+01  2.000000e+04  9.102864e+01   3.184346e+00     8.784430e+01       9.011548e+01     8.309772e-01   1.899769e+00
2.765625e+01  2.000000e+04  9.101835e+01   3.169392e+00     8.784896e+01       9.011498e+01     8.220640e-01   1.898513e+00
2.796875e+01  2.000000e+04  9.100811e+01   3.154663e+00     8.785345e+01       9.011449e+01     8.131957e-01   1.897272e+00
2.828125e+01  2.000000e+04  9.099792e+01   3.140156e+00     8.785776e+01       9.011399e+01     8.043718e-01   1.896044e+00
2.859375e+01  2.000000e+04  9.098777e+01   3.125867e+00     8.786191e+01       9.011350e+01     7.955916e-01   1.894829e+00
2.890625e+01  2.000000e+04  9.097768e+01   3.111790e+00     8.786589e+01       9.011300e+01     7.868544e-01   1.893628e+00
2.921875e+01  2.000000e+04  9.096763e+01   3.097922e+00     8.786971e+01       9.011251e+01     7.781596e-01   1.892440e+00
2.953125e+01  2.000000e+04  9.095762e+01   3.084259e+00     8.787336e+01       9.011201e+01     7.695067e-01   1.891265e+00
2.984375e+01  2.000000e+04  9.094766e+01   3.070796e+00     8.787687e+01       9.011152e+01     7.608951e-01   1.890102e+00
3.015625e+01  2.000000e+04  9.093775e+01   3.057532e+00     8.788022e+01       9.011102e+01     7.523241e-01   1.888951e+00
3.046875e+01  2.000000e+04  9.092788e+01   3.044461e+00     8.788342e+01       9.011052e+01     7.437932e-01   1.887813e+00
3.078125e+01  2.000000e+04  9.091805e+01   3.031581e+00     8.788647e+01       9.011003e+01     7.353018e-01   1.886687e+00
3.109375e+01  2.000000e+04  9.090827e+01   3.018889e+00     8.788938e+01       9.010953e+01     7.268495e-01   1.885572e+00
3.140625e+01  2.000000e+04  9.089853e+01   3.006381e+00     8.789215e+01       9.010904e+01     7.184356e-01   1.884469e+00
3.171875e+01  2.000000e+04  9.088883e+01   2.994055e+00     8.789477e+01       9.010854e+01     7.100597e-01   1.883378e+00
3.203125e+01  2.000000e+04  9.087917e+01   2.981908e+00     8.789726e+01       9.010805e+01     7.017213e-01   1.882298e+00
3.234375e+01  2.000000e+04  9.086955e+01   2.969938e+00     8.789961e+01       9.010755e+01     6.934198e-01   1.881229e+00
3.265625e+01  2.000000e+04  9.085997e+01   2.958142e+00     8.790183e+01       9.010705e+01     6.851548e-01   1.880170e+00
3.296875e+01  2.000000e+04  9.085043e+01   2.946518e+00     8.790392e+01       9.010656e+01     6.769257e-01   1.879123e+00
3.328125e+01  2.000000e+04  9.084093e+01   2.935064e+00     8.790587e+01       9.010606e+01     6.687323e-01   1.878086e+00
3.359375e+01  2.000000e+04  9.083147e+01   2.923777e+00     8.790770e+01       9.010557e+01     6.605738e-01   1.877060e+00
3.390625e+01  2.000000e+04  9.082205e+01   2.912656e+00     8.790939e+01       9.010507e+01     6.524500e-01   1.876045e+00
3.421875e+01  2.000000e+04  9.081267e+01   2.901700e+00     8.791097e+01       9.010458e+01     6.443604e-01   1.875039e+00
3.453125e+01  2.000000e+04  9.080332e+01   2.890906e+00     8.791241e+01       9.010408e+01     6.363045e-01   1.874044e+00
3.484375e+01  2.000000e+04  9.079401e+01   2.880273e+00     8.791373e+01       9.010359e+01     6.282819e-01   1.873059e+00
3.515625e+01  2.000000e+04  9.078473e+01   2.869800e+00     8.791493e+01       9.010309e+01     6.202923e-01   1.872083e+00
3.546875e+01  2.000000e+04  9.077549e+01   2.859486e+00     8.791600e+01       9.010259e+01     6.123351e-01   1.871118e+00
3.578125e+01  2.000000e+04  9.076629e+01   2.849330e+00     8.791696e+01       9.010210e+01     6.044100e-01   1.870162e+00
3.609375e+01  2.000000e+04  9.075712e+01   2.839330e+00     8.791779e+01       9.010160e+01     5.965166e-01   1.869216e+00
3.640625e+01  2.000000e+04  9.074798e+01   2.829487e+00     8.791849e+01       9.010111e+01     5.886545e-01   1.868280e+00
3.671875e+01  2.000000e+04  9.073888e+01   2.819799e+00     8.791908e+01       9.010061e+01     5.808233e-01   1.867353e+00
3.703125e+01  2.000000e+04  9.072981e+01   2.810267e+00     8.791954e+01       9.010012e+01     5.730226e-01   1.866436e+00
3.734375e+01  2.000000e+04  9.072078e+01   2.800890e+00     8.791989e+01       9.009962e+01     5.652521e-01   1.865528e+00
3.765625e+01  2.000000e+04  9.071177e+01   2.791667e+00     8.792011e+01       9.009912e+01     5.575114e-01   1.864630e+00
3.796875e+01  2.000000e+04  9.070281e+01   2.782601e+00     8.792020e+01       9.009863e+01     5.498002e-01   1.863741e+00
3.828125e+01  2.000000e+04  9.069387e+01   2.773689e+00     8.792018e+01       9.009813e+01     5.421180e-01   1.862861e+00
3.859375e+01  2.000000e+04  9.068496e+01   2.764935e+00     8.792003e+01       9.009764e+01     5.344645e-01   1.861990e+00
3.890625e+01  2.000000e+04  9.067609e+01   2.756337e+00     8.791975e+01       9.009714e+01     5.268394e-01   1.861129e+00
3.921875e+01  2.000000e+04  9.066724e+01   2.747898e+00     8.791935e+01       9.009665e+01     5.192423e-01   1.860277e+00
3.953125e+01  2.000000e+04  9.065843e+01   2.739618e+00     8.791881e+01       9.009615e+01     5.116729e-01   1.859434e+00
3.984375e+01  2.000000e+04  9.064965e+01   2.731499e+00     8.791815e+01       9.009566e+01     5.041309e-01   1.858601e+00
4.015625e+01  2.000000e+04  9.064089e+01   2.723544e+00     8.791735e+01       9.009516e+01     4.966158e-01   1.857777e+00
4.046875e+01  2.000000e+04  9.063217e+01   2.715754e+00     8.791641e+01       9.009466e+01     4.891275e-01   1.856962e+00
4.078125e+01  2.000000e+04  9.062347e+01   2.708132e+00     8.791534e+01       9.009417e+01     4.816655e-01   1.856156e+00
4.109375e+01  2.000000e+04  9.061480e+01   2.700682e+00     8.791412e+01       9.009367e+01     4.742295e-01   1.855360e+00
4.140625e+01  2.000000e+04  9.060617e+01   2.693407e+00     8.791276e+01       9.009318e+01     4.668192e-01   1.854574e+00
4.171875e+01  2.000000e+04  9.059755e+01   2.686310e+00     8.791124e+01       9.009268e+01     4.594343e-01   1.853797e+00
4.203125e+01  2.000000e+04  9.058897e+01   2.679397e+00     8.790957e+01       9.009219e+01     4.520744e-01   1.853029e+00
4.234375e+01  2.000000e+04  9.058042e+01   2.672672e+00     8.790774e+01       9.009169e+01     4.447392e-01   1.852272e+00
4.265625e+01  2.000000e+04  9.057189e+01   2.666143e+00     8.790574e+01       9.009119e+01     4.374284e-01   1.851524e+00
4.296875e+01  2.000000e+04  9.056338e+01   2.659814e+00     8.790357e+01       9.009070e+01     4.301417e-01   1.850786e+00
4.328125e+01  2.000000e+04  9.055491e+01   2.653695e+00     8.790121e+01       9.009020e+01     4.228786e-01   1.850059e+00
4.359375e+01  2.000000e+04  9.054645e+01   2.647793e+00     8.789866e+01       9.008971e+01     4.156390e-01   1.849341e+00
4.390625e+01  2.000000e+04  9.053803e+01   2.642119e+00     8.789591e+01       9.008921e+01     4.084223e-01   1.848635e+00
4.421875e+01  2.000000e+04  9.052963e+01   2.636683e+00     8.789294e+01       9.008872e+01     4.012284e-01   1.847939e+00
4.453125e+01  2.000000e+04  9.052125e+01   2.631498e+00     8.788975e+01       9.008822e+01     3.940568e-01   1.847255e+00
4.484375e+01  2.000000e+04  9.051290e+01   2.626578e+00     8.788632e+01       9.008773e+01     3.869071e-01   1.846582e+00
4.515625e+01  2.000000e+04  9.050457e+01   2.621940e+00     8.788263e+01       9.008723e+01     3.797790e-01   1.845921e+00
4.546875e+01  2.000000e+04  9.049626e+01   2.617601e+00     8.787866e+01       9.008673e+01     3.726721e-01   1.845272e+00
4.578125e+01  2.000000e+04  9.048798e+01   2.613582e+00     8.787440e+01       9.008624e+01     3.655860e-01   1.844635e+00
4.609375e+01  2.000000e+04  9.047972e+01   2.609908e+00     8.786981e+01       9.008574e+01     3.585202e-01   1.844012e+00
4.640625e+01  2.000000e+04  9.047148e+01   2.606605e+00     8.786488e+01       9.008525e+01     3.514744e-01   1.843403e+00
4.671875e+01  2.000000e+04  9.046327e+01   2.603704e+00     8.785956e+01       9.008475e+01     3.444480e-01   1.842807e+00
4.703125e+01  2.000000e+04  9.045507e+01   2.601241e+00     8.785383e+01       9.008426e+01     3.374405e-01   1.842227e+00
4.734375e+01  2.000000e+04  9.044689e+01   2.599257e+00     8.784764e+01       9.008376e+01     3.304515e-01   1.841663e+00
4.765625e+01  2.000000e+04  9.043874e+01   2.597799e+00     8.784094e+01       9.008326e+01     3.234802e-01   1.841115e+00
4.796875e+01  2.000000e+04  9.043060e+01   2.596921e+00     8.783368e+01       9.008277e+01     3.165262e-01   1.840585e+00
4.828125e+01  2.000000e+04  9.042248e+01   2.596685e+00     8.782580e+01       9.008227e+01     3.095888e-01   1.840074e+00
4.859375e+01  2.000000e+04  9.041438e+01   2.597165e+00     8.781721e+01       9.008178e+01     3.026672e-01   1.839582e+00
4.890625e+01  2.000000e+04  9.040629e+01   2.598443e+00     8.780785e+01       9.008128e+01     2.957606e-01   1.839112e+00
4.921875e+01  2.000000e+04  9.039822e+01   2.600618e+00     8.779761e+01       9.008079e+01     2.888681e-01   1.838665e+00
4.953125e+01  2.000000e+04  9.039017e+01   2.603805e+00     8.778636e+01       9.008029e+01     2.819888e-01   1.838243e+00
4.984375e+01  2.000000e+04  9.038213e+01   2.608134e+00     8.777399e+01       9.007980e+01     2.751215e-01   1.837848e+00
5.015625e+01  2.000000e+04  9.037410e+01   2.613765e+00     8.776033e+01       9.007930e+01     2.682651e-01   1.837481e+00
5.046875e+01  2.000000e+04  9.036608e+01   2.620878e+00     8.774520e+01       9.007880e+01     2.614181e-01   1.837147e+00
5.078125e+01  2.000000e+04  9.035807e+01   2.629692e+00     8.772837e+01       9.007831e+01     2.545791e-01   1.836847e+00
5.109375e+01  2.000000e+04  9.035006e+01   2.640462e+00     8.770960e+01       9.007781e+01     2.477463e-01   1.836585e+00
5.140625e+01  2.000000e+04  9.034206e+01   2.653492e+00     8.768857e+01       9.007732e+01     2.409176e-01   1.836364e+00
5.171875e+01  2.000000e+04  9.033406e+01   2.669144e+00     8.766492e+01       9.007682e+01     2.340907e-01   1.836190e+00
5.203125e+01  2.000000e+04  9.032607e+01   2.687854e+00     8.763821e+01       9.007633e+01     2.272632e-01   1.836067e+00
5.234375e+01  2.000000e+04  9.031806e+01   2.710143e+00     8.760792e+01       9.007583e+01     2.204318e-01   1.836001e+00
5.265625e+01  2.000000e+04  9.031005e+01   2.736642e+00     8.757341e+01       9.007533e+01     2.135931e-01   1.835998e+00
5.296875e+01  2.000000e+04  9.030203e+01   2.768122e+00     8.753391e+01       9.007484e+01     2.067431e-01   1.836066e+00
5.328125e+01  2.000000e+04  9.029399e+01   2.805526e+00     8.748846e+01       9.007434e+01     1.998769e-01   1.836213e+00
5.359375e+01  2.000000e+04  9.028592e+01   2.850018e+00     8.743591e+01       9.007385e+01     1.929889e-01   1.836450e+00
5.390625e+01  2.000000e+04  9.027783e+01   2.903053e+00     8.737478e+01       9.007335e+01     1.860725e-01   1.836788e+00
5.421875e+01  2.000000e+04  9.026969e+01   2.966463e+00     8.730323e+01       9.007286e+01     1.791199e-01   1.837240e+00
5.453125e+01  2.000000e+04  9.026151e+01   3.042590e+00     8.721892e+01       9.007236e+01     1.721218e-01   1.837822e+00
5.484375e+01  2.000000e+04  9.025326e+01   3.134465e+00     8.711879e+01       9.007187e+01     1.650667e-01   1.838553e+00
5.515625e+01  2.000000e+04  9.024493e+01   3.246088e+00     8.699884e+01       9.007137e+01     1.579410e-01   1.839454e+00
5.546875e+01  2.000000e+04  9.023651e+01   3.382840e+00     8.685367e+01       9.007087e+01     1.507279e-01   1.840551e+00
5.578125e+01  2.000000e+04  9.022797e+01   3.552135e+00     8.667583e+01       9.007038e+01     1.434066e-01   1.841874e+00
5.609375e+01  2.000000e+04  9.021928e+01   3.764487e+00     8.645479e+01       9.006988e+01     1.359509e-01   1.843461e+00
5.640625e+01  2.000000e+04  9.021041e+01   4.035299e+00     8.617511e+01       9.006939e+01     1.283271e-01   1.845359e+00
5.671875e+01  2.000000e+04  9.020130e+01   4.388054e+00     8.581325e+01       9.006889e+01     1.204914e-01   1.847623e+00
5.703125e+01  2.000000e+04  9.019190e+01   4.860241e+00     8.533165e+01       9.006840e+01     1.123848e-01   1.850329e+00
5.734375e+01  2.000000e+04  9.018210e+01   5.515098e+00     8.466701e+01       9.006790e+01     1.039259e-01   1.853573e+00
5.765625e+01  2.000000e+04  9.017180e+01   6.466462e+00     8.370534e+01       9.006740e+01     9.499742e-02   1.857494e+00
5.796875e+01  2.000000e+04  9.016078e+01   7.936315e+00     8.222447e+01       9.006691e+01     8.542291e-02   1.862295e+00
5.828125e+01  2.000000e+04  9.014821e+01   1.041029e+01     7.973792e+01       9.006588e+01     7.492081e-02   1.868296e+00
5.859375e+01  2.000000e+04  8.991404e+01   1.422526e+01     7.568878e+01       8.984482e+01     6.298994e-02   1.875991e+00
5.890625e+01  2.000000e+04  8.061119e+01   1.459865e+01     6.601254e+01       8.055651e+01     4.975452e-02   1.886986e+00
5.921875e+01  2.000000e+04  3.406292e+01   1.211877e+00     3.285104e+01       3.402206e+01     3.718406e-02   1.905064e+00
5.953125e+01  2.000000e+04  2.831883e+00   -3.782766e+00    6.614648e+00       2.801070e+00     2.803988e-02   1.928975e+00
5.984375e+01  2.000000e+04  1.138020e-01   -2.058813e+00    2.172615e+00       9.026167e-02     2.142169e-02   1.955085e+00
6.015625e+01  2.000000e+04  8.209852e-02   -8.498112e-01    9.319097e-01       6.346511e-02     1.695641e-02   1.982198e+00
6.046875e+01  2.000000e+04  7.817825e-02   -3.663419e-01    4.445202e-01       6.294438e-02     1.386282e-02   2.009934e+00
6.078125e+01  2.000000e+04  7.521363e-02   -1.711211e-01    2.463348e-01       6.244875e-02     1.161604e-02   2.038127e+00
6.109375e+01  2.000000e+04  7.286453e-02   -8.469083e-02    1.575554e-01       6.195312e-02     9.929380e-03   2.066687e+00
6.140625e+01  2.000000e+04  7.094473e-02   -4.363286e-02    1.145776e-01       6.145750e-02     8.633383e-03   2.095554e+00
6.171875e+01  2.000000e+04  6.933624e-02   -2.309677e-02    9.243301e-02       6.096187e-02     7.620675e-03   2.124685e+00
6.203125e+01  2.000000e+04  6.796001e-02   -1.243520e-02    8.039521e-02       6.046625e-02     6.819325e-03   2.154045e+00
6.234375e+01  2.000000e+04  6.676075e-02   -6.751016e-03    7.351177e-02       5.997062e-02     6.179013e-03   2.183602e+00
6.265625e+01  2.000000e+04  6.569845e-02   -3.664473e-03    6.936292e-02       5.947500e-02     5.663336e-03   2.213330e+00
6.296875e+01  2.000000e+04  6.474340e-02   -1.969116e-03    6.671252e-02       5.897937e-02     5.245266e-03   2.243205e+00
6.328125e+01  2.000000e+04  6.387312e-02   -1.033055e-03    6.490617e-02       5.848375e-02     4.904326e-03   2.273205e+00
6.359375e+01  2.000000e+04  6.307028e-02   -5.169340e-04    6.358721e-02       5.798812e-02     4.624757e-03   2.303312e+00
6.390625e+01  2.000000e+04  6.232138e-02   -2.349864e-04    6.255636e-02       5.749250e-02     4.394277e-03   2.333508e+00
6.421875e+01  2.000000e+04  6.161580e-02   -8.405898e-05    6.169986e-02       5.699687e-02     4.203222e-03   2.363776e+00
6.453125e+01  2.000000e+04  6.094513e-02   -6.290371e-06    6.095142e-02       5.650125e-02     4.043932e-03   2.394104e+00
6.484375e+01  2.000000e+04  6.030265e-02   3.097824e-05     6.027167e-02       5.600562e-02     3.910295e-03   2.424477e+00
6.515625e+01  2.000000e+04  5.968299e-02   4.622260e-05     5.963676e-02       5.551000e-02     3.797416e-03   2.454885e+00
6.546875e+01  2.000000e+04  5.908180e-02   4.987183e-05     5.903193e-02       5.501437e-02     3.701359e-03   2.485315e+00
6.578125e+01  2.000000e+04  5.849562e-02   4.776713e-05     5.844785e-02       5.451875e-02     3.618949e-03   2.515759e+00
6.609375e+01  2.000000e+04  5.792161e-02   4.312930e-05     5.787848e-02       5.402312e-02     3.547619e-03   2.546206e+00
6.640625e+01  2.000000e+04  5.735749e-02   3.768578e-05     5.731981e-02       5.352750e-02     3.485293e-03   2.576650e+00
6.671875e+01  2.000000e+04  5.680142e-02   3.231881e-05     5.676910e-02       5.303187e-02     3.430285e-03   2.607083e+00
6.703125e+01  2.000000e+04  5.625188e-02   2.743879e-05     5.622445e-02       5.253625e-02     3.381227e-03   2.637497e+00
6.734375e+01  2.000000e+04  5.570767e-02   2.319890e-05     5.568447e-02       5.204062e-02     3.337007e-03   2.667887e+00
6.765625e+01  2.000000e+04  5.516777e-02   1.961772e-05     5.514815e-02       5.154500e-02     3.296717e-03   2.698246e+00
6.796875e+01  2.000000e+04  5.463137e-02   1.664846e-05     5.461473e-02       5.104937e-02     3.259619e-03   2.728570e+00
6.828125e+01  2.000000e+04  5.409783e-02   1.421721e-05     5.408361e-02       5.055375e-02     3.225111e-03   2.758853e+00
6.859375e+01  2.000000e+04  5.356659e-02   1.224347e-05     5.355434e-02       5.005812e-02     3.192699e-03   2.789091e+00
6.890625e+01  2.000000e+04  5.303720e-02   1.065035e-05     5.302655e-02       4.956250e-02     3.161980e-03   2.819280e+00
6.921875e+01  2.000000e+04  5.250932e-02   9.369219e-06     5.249995e-02       4.906687e-02     3.132624e-03   2.849416e+00
6.953125e+01  2.000000e+04  5.198263e-02   8.341173e-06     5.197429e-02       4.857125e-02     3.104359e-03   2.879495e+00
6.984375e+01  2.000000e+04  5.145690e-02   7.516923e-06     5.144939e-02       4.807562e-02     3.076962e-03   2.909513e+00
7.015625e+01  2.000000e+04  5.093192e-02   6.855933e-06     5.092507e-02       4.758000e-02     3.050251e-03   2.939468e+00
7.046875e+01  2.000000e+04  5.040753e-02   6.325257e-06     5.040121e-02       4.708437e-02     3.024074e-03   2.969356e+00
7.078125e+01  2.000000e+04  4.988359e-02   5.898346e-06     4.987769e-02       4.658875e-02     2.998306e-03   2.999174e+00
7.109375e+01  2.000000e+04  4.935999e-02   5.553935e-06     4.935443e-02       4.609312e-02     2.972845e-03   3.028919e+00
7.140625e+01  2.000000e+04  4.883663e-02   5.275060e-06     4.883135e-02       4.559750e-02     2.947605e-03   3.058589e+00
7.171875e+01  2.000000e+04  4.831343e-02   5.048230e-06     4.830838e-02       4.510187e-02     2.922515e-03   3.088180e+00
7.203125e+01  2.000000e+04  4.779033e-02   4.862730e-06     4.778547e-02       4.460625e-02     2.897517e-03   3.117691e+00
7.234375e+01  2.000000e+04  4.726729e-02   4.710063e-06     4.726258e-02       4.411062e-02     2.872561e-03   3.147117e+00
7.265625e+01  2.000000e+04  4.674424e-02   4.583489e-06     4.673966e-02       4.361500e-02     2.847608e-03   3.176457e+00
7.296875e+01  2.000000e+04  4.622116e-02   4.477659e-06     4.621668e-02       4.311937e-02     2.822623e-03   3.205708e+00
7.328125e+01  2.000000e+04  4.569801e-02   4.388328e-06     4.569362e-02       4.262375e-02     2.797577e-03   3.234868e+00
7.359375e+01  2.000000e+04  4.517477e-02   4.312120e-06     4.517046e-02       4.212812e-02     2.772448e-03   3.263933e+00
7.390625e+01  2.000000e+04  4.465142e-02   4.246346e-06     4.464717e-02       4.163250e-02     2.747216e-03   3.292902e+00
7.421875e+01  2.000000e+04  4.412793e-02   4.188863e-06     4.412374e-02       4.113687e-02     2.721863e-03   3.321771e+00
7.453125e+01  2.000000e+04  4.360430e-02   4.137956e-06     4.360016e-02       4.064125e-02     2.696376e-03   3.350539e+00
7.484375e+01  2.000000e+04  4.308051e-02   4.092250e-06     4.307642e-02       4.014562e-02     2.670744e-03   3.379202e+00
7.515625e+01  2.000000e+04  4.255655e-02   4.050641e-06     4.255250e-02       3.965000e-02     2.644957e-03   3.407758e+00
7.546875e+01  2.000000e+04  4.203240e-02   4.012238e-06     4.202839e-02       3.915437e-02     2.619006e-03   3.436204e+00
7.578125e+01  2.000000e+04  4.150807e-02   3.976323e-06     4.150410e-02       3.865875e-02     2.592885e-03   3.464537e+00
7.609375e+01  2.000000e+04  4.098355e-02   3.942313e-06     4.097961e-02       3.816312e-02     2.566588e-03   3.492756e+00
7.640625e+01  2.000000e+04  4.045883e-02   3.909732e-06     4.045492e-02       3.766750e-02     2.540111e-03   3.520857e+00
7.671875e+01  2.000000e+04  3.993391e-02   3.878195e-06     3.993003e-02       3.717187e-02     2.513449e-03   3.548837e+00
7.703125e+01  2.000000e+04  3.940878e-02   3.847383e-06     3.940493e-02       3.667625e-02     2.486599e-03   3.576695e+00
7.734375e+01  2.000000e+04  3.888344e-02   3.817038e-06     3.887962e-02       3.618062e-02     2.459560e-03   3.604426e+00
7.765625e+01  2.000000e+04  3.835789e-02   3.786944e-06     3.835410e-02       3.568500e-02     2.432328e-03   3.632029e+00
7.796875e+01  2.000000e+04  3.783212e-02   3.756924e-06     3.782837e-02       3.518937e-02     2.404902e-03   3.659502e+00
7.828125e+01  2.000000e+04  3.730615e-02   3.726832e-06     3.730242e-02       3.469375e-02     2.377280e-03   3.686840e+00
7.859375e+01  2.000000e+04  3.677995e-02   3.696544e-06     3.677626e-02       3.419812e-02     2.349463e-03   3.714043e+00
7.890625e+01  2.000000e+04  3.625354e-02   3.665960e-06     3.624988e-02       3.370250e-02     2.321449e-03   3.741106e+00
7.921875e+01  2.000000e+04  3.572692e-02   3.634994e-06     3.572328e-02       3.320687e-02     2.293238e-03   3.768029e+00
7.953125e+01  2.000000e+04  3.520007e-02   3.603574e-06     3.519647e-02       3.271125e-02     2.264829e-03   3.794808e+00
7.984375e+01  2.000000e+04  3.467301e-02   3.571642e-06     3.466944e-02       3.221562e-02     2.236223e-03   3.821440e+00
8.015625e+01  2.000000e+04  3.414574e-02   3.539146e-06     3.414220e-02       3.172000e-02     2.207420e-03   3.847925e+00
8.046875e+01  2.000000e+04  3.361824e-02   3.506045e-06     3.361474e-02       3.122437e-02     2.178420e-03   3.874259e+00
8.078125e+01  2.000000e+04  3.309053e-02   3.472303e-06     3.308706e-02       3.072875e-02     2.149224e-03   3.900440e+00
8.109375e+01  2.000000e+04  3.256261e-02   3.437890e-06     3.255917e-02       3.023312e-02     2.119831e-03   3.926467e+00
8.140625e+01  2.000000e+04  3.203447e-02   3.402783e-06     3.203107e-02       2.973750e-02     2.090244e-03   3.952337e+00
8.171875e+01  2.000000e+04  3.150612e-02   3.366959e-06     3.150275e-02       2.924187e-02     2.060462e-03   3.978049e+00
8.203125e+01  2.000000e+04  3.097755e-02   3.330403e-06     3.097422e-02       2.874625e-02     2.030487e-03   4.003601e+00
8.234375e+01  2.000000e+04  3.044878e-02   3.293101e-06     3.044549e-02       2.825062e-02     2.000320e-03   4.028993e+00
8.265625e+01  2.000000e+04  2.991979e-02   3.255040e-06     2.991654e-02       2.775500e-02     1.969961e-03   4.054221e+00
8.296875e+01  2.000000e+04  2.939060e-02   3.216213e-06     2.938738e-02       2.725937e-02     1.939411e-03   4.079287e+00
8.328125e+01  2.000000e+04  2.886119e-02   3.176613e-06     2.885802e-02       2.676375e-02     1.908673e-03   4.104188e+00
8.359375e+01  2.000000e+04  2.833158e-02   3.136234e-06     2.832845e-02       2.626812e-02     1.877746e-03   4.128924e+00
8.390625e+01  2.000000e+04  2.780177e-02   3.095074e-06     2.779867e-02       2.577250e-02     1.846633e-03   4.153495e+00
8.421875e+01  2.000000e+04  2.727175e-02   3.053131e-06     2.726869e-02       2.527687e-02     1.815334e-03   4.177901e+00
8.453125e+01  2.000000e+04  2.674153e-02   3.010404e-06     2.673852e-02       2.478125e-02     1.783851e-03   4.202141e+00
8.484375e+01  2.000000e+04  2.621110e-02   2.966894e-06     2.620814e-02       2.428562e-02     1.752185e-03   4.226216e+00
8.515625e+01  2.000000e+04  2.568048e-02   2.922602e-06     2.567756e-02       2.379000e-02     1.720338e-03   4.250127e+00
8.546875e+01  2.000000e+04  2.514966e-02   2.877531e-06     2.514678e-02       2.329437e-02     1.688311e-03   4.273875e+00
8.578125e+01  2.000000e+04  2.461865e-02   2.831685e-06     2.461581e-02       2.279875e-02     1.656106e-03   4.297460e+00
8.609375e+01  2.000000e+04  2.408744e-02   2.785068e-06     2.408465e-02       2.230312e-02     1.623723e-03   4.320885e+00
8.640625e+01  2.000000e+04  2.355603e-02   2.737684e-06     2.355329e-02       2.180750e-02     1.591165e-03   4.344151e+00
8.671875e+01  2.000000e+04  2.302444e-02   2.689541e-06     2.302175e-02       2.131187e-02     1.558432e-03   4.367260e+00
8.703125e+01  2.000000e+04  2.249265e-02   2.640643e-06     2.249001e-02       2.081625e-02     1.525527e-03   4.390215e+00
8.734375e+01  2.000000e+04  2.196068e-02   2.590997e-06     2.195809e-02       2.032062e-02     1.492450e-03   4.413020e+00
8.765625e+01  2.000000e+04  2.142852e-02   2.540611e-06     2.142598e-02       1.982500e-02     1.459204e-03   4.435676e+00
8.796875e+01  2.000000e+04  2.089618e-02   2.489492e-06     2.089369e-02       1.932937e-02     1.425789e-03   4.458188e+00
8.828125e+01  2.000000e+04  2.036365e-02   2.437649e-06     2.036121e-02       1.883375e-02     1.392207e-03   4.480561e+00
8.859375e+01  2.000000e+04  1.983094e-02   2.385088e-06     1.982855e-02       1.833812e-02     1.358460e-03   4.502797e+00
8.890625e+01  2.000000e+04  1.929805e-02   2.331820e-06     1.929572e-02       1.784250e-02     1.324548e-03   4.524903e+00
8.921875e+01  2.000000e+04  1.876498e-02   2.277852e-06     1.876270e-02       1.734687e-02     1.290474e-03   4.546884e+00
8.953125e+01  2.000000e+04  1.823173e-02   2.223193e-06     1.822951e-02       1.685125e-02     1.256238e-03   4.568744e+00
8.984375e+01  2.000000e+04  1.769831e-02   2.167853e-06     1.769614e-02       1.635562e-02     1.221841e-03   4.590491e+00
9.015625e+01  2.000000e+04  1.716471e-02   2.111839e-06     1.716260e-02       1.586000e-02     1.187286e-03   4.612131e+00
9.046875e+01  2.000000e+04  1.663094e-02   2.055162e-06     1.662888e-02       1.536437e-02     1.152572e-03   4.633671e+00
9.078125e+01  2.000000e+04  1.609699e-02   1.997830e-06     1.609500e-02       1.486875e-02     1.117702e-03   4.655119e+00
9.109375e+01  2.000000e+04  1.556288e-02   1.939851e-06     1.556094e-02       1.437312e-02     1.082676e-03   4.676482e+00
9.140625e+01  2.000000e+04  1.502859e-02   1.881235e-06     1.502671e-02       1.387750e-02     1.047495e-03   4.697770e+00
9.171875e+01  2.000000e+04  1.449414e-02   1.821989e-06     1.449232e-02       1.338187e-02     1.012160e-03   4.718990e+00
9.203125e+01  2.000000e+04  1.395952e-02   1.762123e-06     1.395775e-02       1.288625e-02     9.766725e-04   4.740154e+00
9.234375e+01  2.000000e+04  1.342473e-02   1.701644e-06     1.342302e-02       1.239062e-02     9.410322e-04   4.761270e+00
9.265625e+01  2.000000e+04  1.288977e-02   1.640559e-06     1.288813e-02       1.189500e-02     9.052401e-04   4.782351e+00
9.296875e+01  2.000000e+04  1.235465e-02   1.578875e-06     1.235307e-02       1.139937e-02     8.692969e-04   4.803406e+00
9.328125e+01  2.000000e+04  1.181936e-02   1.516600e-06     1.181784e-02       1.090375e-02     8.332029e-04   4.824448e+00
9.359375e+01  2.000000e+04  1.128390e-02   1.453739e-06     1.128245e-02       1.040812e-02     7.969585e-04   4.845490e+00
9.390625e+01  2.000000e+04  1.074828e-02   1.390298e-06     1.074689e-02       9.912500e-03     7.605639e-04   4.866546e+00
9.421875e+01  2.000000e+04  1.021250e-02   1.326282e-06     1.021117e-02       9.416875e-03     7.240191e-04   4.887628e+00
9.453125e+01  2.000000e+04  9.676551e-03   1.261695e-06     9.675290e-03       8.921250e-03     6.873242e-04   4.908752e+00
9.484375e+01  2.000000e+04  9.140437e-03   1.196540e-06     9.139240e-03       8.425625e-03     6.504789e-04   4.929934e+00
9.515625e+01  2.000000e+04  8.604157e-03   1.130821e-06     8.603026e-03       7.930000e-03     6.134829e-04   4.951190e+00
9.546875e+01  2.000000e+04  8.067711e-03   1.064538e-06     8.066646e-03       7.434375e-03     5.763357e-04   4.972538e+00
9.578125e+01  2.000000e+04  7.531098e-03   9.976928e-07     7.530100e-03       6.938750e-03     5.390365e-04   4.993997e+00
9.609375e+01  2.000000e+04  6.994317e-03   9.302849e-07     6.993387e-03       6.443125e-03     5.015846e-04   5.015585e+00
9.640625e+01  2.000000e+04  6.457367e-03   8.623127e-07     6.456505e-03       5.947500e-03     4.639789e-04   5.037324e+00
9.671875e+01  2.000000e+04  5.920247e-03   7.937736e-07     5.919453e-03       5.451875e-03     4.262182e-04   5.059236e+00
9.703125e+01  2.000000e+04  5.382954e-03   7.246634e-07     5.382230e-03       4.956250e-03     3.883009e-04   5.081344e+00
9.734375e+01  2.000000e+04  4.845488e-03   6.549767e-07     4.844833e-03       4.460625e-03     3.502254e-04   5.103674e+00
9.765625e+01  2.000000e+04  4.307846e-03   5.847061e-07     4.307261e-03       3.965000e-03     3.119896e-04   5.126252e+00
9.796875e+01  2.000000e+04  3.770025e-03   5.138429e-07     3.769511e-03       3.469375e-03     2.735914e-04   5.149107e+00
9.828125e+01  2.000000e+04  3.232023e-03   4.423762e-07     3.231580e-03       2.973750e-03     2.350282e-04   5.172269e+00
9.859375e+01  2.000000e+04  2.693836e-03   3.702930e-07     2.693466e-03       2.478125e-03     1.962972e-04   5.195772e+00
9.890625e+01  2.000000e+04  2.155462e-03   2.975781e-07     2.155164e-03       1.982500e-03     1.573952e-04   5.219651e+00
9.921875e+01  2.000000e+04  1.616896e-03   2.242137e-07     1.616671e-03       1.486875e-03     1.183187e-04   5.243945e+00
9.953125e+01  2.000000e+04  1.078133e-03   1.501790e-07     1.077983e-03       9.912500e-04     7.906363e-05   5.268694e+00
9.984375e+01  2.000000e+04  5.391697e-04   7.545026e-08     5.390943e-04       4.956250e-04     3.962569e-05   5.293945e+00
