#Xaxis_E1     YlengthE1     discharge_E1  dischargeEFF_E1  dischargeINEFF_E1  rech_Moulins_E1  rech_meltR_E1  P_E1
1.289062e-01  5.156250e+02  6.593623e+00  6.489116e+00     1.045063e-01       6.541739e+00     4.720809e-02   4.872290e-01
1.523438e-01  5.625000e+02  6.485164e+00  5.883792e+00     6.013719e-01       6.527744e+00     4.709013e-02   5.603968e-01
1.757812e-01  5.625000e+02  6.564070e+00  5.373122e+00     1.190948e+00       6.512478e+00     4.694254e-02   6.275418e-01
1.992188e-01  6.093750e+02  6.460303e+00  4.948034e+00     1.512269e+00       6.497211e+00     4.684406e-02   6.949537e-01
2.226562e-01  6.093750e+02  6.532014e+00  4.640947e+00     1.891067e+00       6.480672e+00     4.671721e-02   7.564093e-01
2.460938e-01  6.093750e+02  6.515376e+00  4.379148e+00     2.136228e+00       6.464134e+00     4.662823e-02   8.152827e-01
2.695312e-01  6.562500e+02  6.421351e+00  4.313987e+00     2.107364e+00       6.447595e+00     4.653313e-02   8.755197e-01
2.929688e-01  6.562500e+02  6.480783e+00  4.214144e+00     2.266639e+00       6.429784e+00     4.640758e-02   9.297839e-01
3.164062e-01  6.562500e+02  6.462867e+00  4.110586e+00     2.352281e+00       6.411973e+00     4.631253e-02   9.817166e-01
3.398438e-01  7.031250e+02  6.390931e+00  4.193654e+00     2.197277e+00       6.394162e+00     4.620674e-02   1.035830e+00
3.632812e-01  7.031250e+02  6.425711e+00  4.217445e+00     2.208266e+00       6.375078e+00     4.607534e-02   1.083747e+00
3.867188e-01  7.031250e+02  6.406500e+00  4.237078e+00     2.169422e+00       6.355995e+00     4.595996e-02   1.129423e+00
4.101562e-01  7.031250e+02  6.387272e+00  4.383426e+00     2.003846e+00       6.336912e+00     4.582836e-02   1.173308e+00
4.335938e-01  7.031250e+02  6.368024e+00  4.481781e+00     1.886243e+00       6.317829e+00     4.567914e-02   1.215405e+00
4.570312e-01  7.500000e+02  6.315176e+00  4.508646e+00     1.806530e+00       6.298745e+00     4.551742e-02   1.260218e+00
4.804688e-01  7.500000e+02  6.328206e+00  4.502621e+00     1.825584e+00       6.278390e+00     4.533415e-02   1.298451e+00
5.039062e-01  7.500000e+02  6.307659e+00  4.542415e+00     1.765244e+00       6.258034e+00     4.515874e-02   1.334227e+00
5.273438e-01  7.500000e+02  6.287092e+00  4.652970e+00     1.634122e+00       6.237679e+00     4.496240e-02   1.368385e+00
5.507812e-01  7.500000e+02  6.266506e+00  4.688246e+00     1.578260e+00       6.217323e+00     4.475032e-02   1.401101e+00
5.742188e-01  7.500000e+02  6.245909e+00  4.705308e+00     1.540602e+00       6.196968e+00     4.453129e-02   1.432254e+00
5.976562e-01  7.968750e+02  6.199724e+00  4.720228e+00     1.479496e+00       6.176613e+00     4.430998e-02   1.466610e+00
6.210938e-01  7.968750e+02  6.203422e+00  4.713934e+00     1.489488e+00       6.154985e+00     4.407566e-02   1.494713e+00
6.445312e-01  7.968750e+02  6.181553e+00  4.694518e+00     1.487035e+00       6.133357e+00     4.385729e-02   1.520603e+00
6.679688e-01  7.968750e+02  6.159676e+00  4.713397e+00     1.446278e+00       6.111729e+00     4.363093e-02   1.545063e+00
6.914062e-01  7.968750e+02  6.137789e+00  4.728769e+00     1.409019e+00       6.090102e+00     4.339503e-02   1.568317e+00
7.148438e-01  7.968750e+02  6.115891e+00  4.738505e+00     1.377386e+00       6.068474e+00     4.314969e-02   1.590464e+00
7.382812e-01  7.968750e+02  6.093984e+00  4.744458e+00     1.349526e+00       6.046846e+00     4.289508e-02   1.611590e+00
7.617188e-01  7.968750e+02  6.072066e+00  4.748241e+00     1.323825e+00       6.025219e+00     4.263101e-02   1.631790e+00
7.851562e-01  8.437500e+02  6.028232e+00  4.739613e+00     1.288619e+00       6.003591e+00     4.235766e-02   1.655916e+00
8.085938e-01  8.437500e+02  6.026917e+00  4.708024e+00     1.318893e+00       5.980691e+00     4.206556e-02   1.675029e+00
8.320312e-01  8.437500e+02  6.003711e+00  4.660456e+00     1.343255e+00       5.957791e+00     4.178705e-02   1.692576e+00
8.554688e-01  8.437500e+02  5.980501e+00  4.642629e+00     1.337872e+00       5.934891e+00     4.150507e-02   1.708949e+00
8.789062e-01  8.437500e+02  5.957285e+00  4.629880e+00     1.327405e+00       5.911991e+00     4.121744e-02   1.724322e+00
9.023438e-01  8.437500e+02  5.934062e+00  4.618063e+00     1.315999e+00       5.889092e+00     4.092372e-02   1.738770e+00
9.257812e-01  8.437500e+02  5.910832e+00  4.606579e+00     1.304253e+00       5.866192e+00     4.062356e-02   1.752327e+00
9.492188e-01  8.437500e+02  5.887592e+00  4.588137e+00     1.299455e+00       5.843292e+00     4.031538e-02   1.765012e+00
9.726562e-01  8.437500e+02  5.864339e+00  4.563419e+00     1.300920e+00       5.820392e+00     3.999384e-02   1.776895e+00
9.960938e-01  8.437500e+02  5.841063e+00  4.555581e+00     1.285482e+00       5.797492e+00     3.965015e-02   1.788140e+00
1.019531e+00  8.906250e+02  5.797578e+00  4.539476e+00     1.258102e+00       5.774592e+00     3.928427e-02   1.803699e+00
1.042969e+00  8.906250e+02  5.793169e+00  4.495975e+00     1.297194e+00       5.750420e+00     3.889909e-02   1.814596e+00
1.066406e+00  8.906250e+02  5.768606e+00  4.436490e+00     1.332116e+00       5.726248e+00     3.854222e-02   1.824137e+00
1.089844e+00  8.906250e+02  5.744061e+00  4.418221e+00     1.325840e+00       5.702076e+00     3.820328e-02   1.832804e+00
1.113281e+00  8.906250e+02  5.719525e+00  4.409561e+00     1.309964e+00       5.677904e+00     3.787334e-02   1.840891e+00
1.136719e+00  8.906250e+02  5.694990e+00  4.390613e+00     1.304378e+00       5.653731e+00     3.754431e-02   1.848442e+00
1.160156e+00  8.906250e+02  5.670454e+00  4.371667e+00     1.298787e+00       5.629559e+00     3.721317e-02   1.855454e+00
1.183594e+00  8.906250e+02  5.645914e+00  4.352916e+00     1.292998e+00       5.605387e+00     3.687925e-02   1.861947e+00
1.207031e+00  8.906250e+02  5.621372e+00  4.334120e+00     1.287252e+00       5.581215e+00     3.654244e-02   1.867944e+00
1.230469e+00  8.906250e+02  5.596826e+00  4.315351e+00     1.281476e+00       5.557043e+00     3.620268e-02   1.873472e+00
1.253906e+00  8.906250e+02  5.572278e+00  4.296786e+00     1.275491e+00       5.532871e+00     3.585988e-02   1.878565e+00
1.277344e+00  8.906250e+02  5.547725e+00  4.278693e+00     1.269032e+00       5.508699e+00     3.551395e-02   1.883260e+00
1.300781e+00  8.906250e+02  5.523169e+00  4.261480e+00     1.261689e+00       5.484527e+00     3.516465e-02   1.887606e+00
1.324219e+00  8.906250e+02  5.498609e+00  4.244360e+00     1.254249e+00       5.460354e+00     3.481157e-02   1.891669e+00
1.347656e+00  9.375000e+02  5.454903e+00  4.218095e+00     1.236808e+00       5.436182e+00     3.445489e-02   1.900430e+00
1.371094e+00  9.375000e+02  5.448194e+00  4.175413e+00     1.272781e+00       5.410738e+00     3.408457e-02   1.904874e+00
1.394531e+00  9.375000e+02  5.422362e+00  4.119592e+00     1.302770e+00       5.385294e+00     3.373255e-02   1.908293e+00
1.417969e+00  9.375000e+02  5.396534e+00  4.087159e+00     1.309374e+00       5.359849e+00     3.338266e-02   1.911070e+00
1.441406e+00  9.375000e+02  5.370705e+00  4.059380e+00     1.311325e+00       5.334405e+00     3.303270e-02   1.913376e+00
1.464844e+00  9.375000e+02  5.344875e+00  4.032784e+00     1.312091e+00       5.308961e+00     3.268219e-02   1.915280e+00
1.488281e+00  9.375000e+02  5.319045e+00  4.006620e+00     1.312425e+00       5.283516e+00     3.233101e-02   1.916821e+00
1.511719e+00  9.375000e+02  5.293214e+00  3.980617e+00     1.312597e+00       5.258072e+00     3.197908e-02   1.918022e+00
1.535156e+00  9.375000e+02  5.267382e+00  3.954498e+00     1.312884e+00       5.232628e+00     3.162642e-02   1.918905e+00
1.558594e+00  9.375000e+02  5.241549e+00  3.927906e+00     1.313644e+00       5.207183e+00     3.127304e-02   1.919489e+00
1.582031e+00  9.375000e+02  5.215716e+00  3.901032e+00     1.314684e+00       5.181739e+00     3.091896e-02   1.919792e+00
1.605469e+00  9.375000e+02  5.189882e+00  3.874249e+00     1.315633e+00       5.156295e+00     3.056415e-02   1.919832e+00
1.628906e+00  9.375000e+02  5.164047e+00  3.847633e+00     1.316414e+00       5.130850e+00     3.020860e-02   1.919630e+00
1.652344e+00  9.375000e+02  5.138211e+00  3.821289e+00     1.316921e+00       5.105406e+00     2.985221e-02   1.919204e+00
1.675781e+00  9.375000e+02  5.112374e+00  3.795378e+00     1.316996e+00       5.079962e+00     2.949489e-02   1.918581e+00
1.699219e+00  9.375000e+02  5.086535e+00  3.770130e+00     1.316405e+00       5.054517e+00     2.913644e-02   1.917790e+00
1.722656e+00  9.375000e+02  5.060696e+00  3.745913e+00     1.314783e+00       5.029073e+00     2.877659e-02   1.916871e+00
1.746094e+00  9.375000e+02  5.034854e+00  3.721863e+00     1.312991e+00       5.003629e+00     2.841485e-02   1.915874e+00
1.769531e+00  9.843750e+02  4.989501e+00  3.688127e+00     1.301374e+00       4.978184e+00     2.805138e-02   1.919688e+00
1.792969e+00  9.843750e+02  4.981881e+00  3.638386e+00     1.343495e+00       4.951468e+00     2.767574e-02   1.919443e+00
1.816406e+00  9.843750e+02  4.954774e+00  3.575715e+00     1.379059e+00       4.924751e+00     2.732106e-02   1.918344e+00
1.839844e+00  9.843750e+02  4.927672e+00  3.536920e+00     1.390752e+00       4.898035e+00     2.697029e-02   1.916780e+00
1.863281e+00  9.843750e+02  4.900572e+00  3.502815e+00     1.397757e+00       4.871318e+00     2.662109e-02   1.914916e+00
1.886719e+00  9.843750e+02  4.873473e+00  3.469936e+00     1.403537e+00       4.844602e+00     2.627294e-02   1.912814e+00
1.910156e+00  9.843750e+02  4.846375e+00  3.437526e+00     1.408849e+00       4.817885e+00     2.592562e-02   1.910503e+00
1.933594e+00  9.843750e+02  4.819277e+00  3.405293e+00     1.413985e+00       4.791168e+00     2.557904e-02   1.908001e+00
1.957031e+00  9.843750e+02  4.792181e+00  3.373107e+00     1.419074e+00       4.764452e+00     2.523313e-02   1.905319e+00
1.980469e+00  9.843750e+02  4.765085e+00  3.340907e+00     1.424178e+00       4.737735e+00     2.488787e-02   1.902468e+00
2.003906e+00  9.843750e+02  4.737990e+00  3.308666e+00     1.429323e+00       4.711019e+00     2.454323e-02   1.899456e+00
2.027344e+00  9.843750e+02  4.710895e+00  3.276375e+00     1.434520e+00       4.684302e+00     2.419918e-02   1.896292e+00
2.050781e+00  9.843750e+02  4.683801e+00  3.244037e+00     1.439764e+00       4.657586e+00     2.385570e-02   1.892982e+00
2.074219e+00  9.843750e+02  4.656707e+00  3.211669e+00     1.445039e+00       4.630869e+00     2.351274e-02   1.889535e+00
2.097656e+00  9.843750e+02  4.629615e+00  3.179295e+00     1.450319e+00       4.604153e+00     2.317026e-02   1.885958e+00
2.121094e+00  9.843750e+02  4.602522e+00  3.146957e+00     1.455565e+00       4.577436e+00     2.282822e-02   1.882259e+00
2.144531e+00  9.843750e+02  4.575430e+00  3.114711e+00     1.460719e+00       4.550719e+00     2.248654e-02   1.878449e+00
2.167969e+00  9.843750e+02  4.548338e+00  3.082635e+00     1.465703e+00       4.524003e+00     2.214513e-02   1.874538e+00
2.191406e+00  9.843750e+02  4.521247e+00  3.050838e+00     1.470408e+00       4.497286e+00     2.180389e-02   1.870538e+00
2.214844e+00  9.843750e+02  4.494155e+00  3.019475e+00     1.474681e+00       4.470570e+00     2.146264e-02   1.866467e+00
2.238281e+00  9.843750e+02  4.467063e+00  2.988765e+00     1.478298e+00       4.443853e+00     2.112118e-02   1.862346e+00
2.261719e+00  9.843750e+02  4.439971e+00  2.959054e+00     1.480917e+00       4.417137e+00     2.077919e-02   1.858202e+00
2.285156e+00  9.843750e+02  4.412878e+00  2.929300e+00     1.483578e+00       4.390420e+00     2.043617e-02   1.854076e+00
2.308594e+00  1.031250e+03  4.363975e+00  2.887639e+00     1.476336e+00       4.363704e+00     2.009236e-02   1.854678e+00
2.332031e+00  1.031250e+03  4.357404e+00  2.829490e+00     1.527914e+00       4.335715e+00     1.973662e-02   1.851396e+00
2.355469e+00  1.031250e+03  4.329050e+00  2.757386e+00     1.571664e+00       4.307726e+00     1.940469e-02   1.847355e+00
2.378906e+00  1.031250e+03  4.300702e+00  2.711963e+00     1.588739e+00       4.279737e+00     1.907777e-02   1.842945e+00
2.402344e+00  1.031250e+03  4.272357e+00  2.671489e+00     1.600868e+00       4.251749e+00     1.875341e-02   1.838324e+00
2.425781e+00  1.031250e+03  4.244014e+00  2.632209e+00     1.611805e+00       4.223760e+00     1.843110e-02   1.833548e+00
2.449219e+00  1.031250e+03  4.215673e+00  2.593320e+00     1.622353e+00       4.195771e+00     1.811066e-02   1.828639e+00
2.472656e+00  1.031250e+03  4.187334e+00  2.554513e+00     1.632821e+00       4.167782e+00     1.779206e-02   1.823610e+00
2.496094e+00  1.031250e+03  4.158997e+00  2.515652e+00     1.643346e+00       4.139793e+00     1.747532e-02   1.818470e+00
2.519531e+00  1.031250e+03  4.130662e+00  2.476675e+00     1.653988e+00       4.111805e+00     1.716049e-02   1.813225e+00
2.542969e+00  1.031250e+03  4.102330e+00  2.437558e+00     1.664772e+00       4.083816e+00     1.684766e-02   1.807881e+00
2.566406e+00  1.031250e+03  4.074000e+00  2.398302e+00     1.675698e+00       4.055827e+00     1.653694e-02   1.802443e+00
2.589844e+00  1.031250e+03  4.045672e+00  2.358924e+00     1.686748e+00       4.027838e+00     1.622845e-02   1.796919e+00
2.613281e+00  1.031250e+03  4.017347e+00  2.319461e+00     1.697886e+00       3.999850e+00     1.592235e-02   1.791315e+00
2.636719e+00  1.031250e+03  3.989025e+00  2.279970e+00     1.709054e+00       3.971861e+00     1.561882e-02   1.785639e+00
2.660156e+00  1.031250e+03  3.960705e+00  2.240517e+00     1.720189e+00       3.943872e+00     1.531805e-02   1.779903e+00
2.683594e+00  1.031250e+03  3.932389e+00  2.201114e+00     1.731275e+00       3.915883e+00     1.502028e-02   1.774118e+00
2.707031e+00  1.031250e+03  3.904077e+00  2.161779e+00     1.742298e+00       3.887895e+00     1.472577e-02   1.768309e+00
2.730469e+00  1.031250e+03  3.875768e+00  2.122787e+00     1.752982e+00       3.859906e+00     1.443484e-02   1.762499e+00
2.753906e+00  1.031250e+03  3.847464e+00  2.084573e+00     1.762891e+00       3.831917e+00     1.414783e-02   1.756716e+00
2.777344e+00  1.031250e+03  3.819165e+00  2.047415e+00     1.771749e+00       3.803928e+00     1.386502e-02   1.750991e+00
2.800781e+00  1.031250e+03  3.790870e+00  2.011441e+00     1.779429e+00       3.775939e+00     1.358667e-02   1.745355e+00
2.824219e+00  1.031250e+03  3.762580e+00  1.976684e+00     1.785896e+00       3.747951e+00     1.331293e-02   1.739841e+00
2.847656e+00  1.031250e+03  3.734296e+00  1.943114e+00     1.791182e+00       3.719962e+00     1.304385e-02   1.734476e+00
2.871094e+00  1.031250e+03  3.706017e+00  1.910638e+00     1.795379e+00       3.691973e+00     1.277937e-02   1.729283e+00
2.894531e+00  1.031250e+03  3.677742e+00  1.879150e+00     1.798592e+00       3.663984e+00     1.251939e-02   1.724279e+00
2.917969e+00  1.031250e+03  3.649472e+00  1.848573e+00     1.800900e+00       3.635996e+00     1.226375e-02   1.719480e+00
2.941406e+00  1.031250e+03  3.621207e+00  1.818871e+00     1.802336e+00       3.608007e+00     1.201225e-02   1.714898e+00
2.964844e+00  1.031250e+03  3.592946e+00  1.790051e+00     1.802895e+00       3.580018e+00     1.176470e-02   1.710546e+00
2.988281e+00  1.031250e+03  3.564690e+00  1.762191e+00     1.802498e+00       3.552029e+00     1.152087e-02   1.706441e+00
3.011719e+00  1.031250e+03  3.536437e+00  1.735503e+00     1.800934e+00       3.524041e+00     1.128050e-02   1.702597e+00
3.035156e+00  1.031250e+03  3.508187e+00  1.710327e+00     1.797860e+00       3.496052e+00     1.104322e-02   1.699028e+00
3.058594e+00  1.031250e+03  3.479941e+00  1.687113e+00     1.792828e+00       3.468063e+00     1.080855e-02   1.695748e+00
3.082031e+00  1.031250e+03  3.451696e+00  1.664817e+00     1.786879e+00       3.440074e+00     1.057582e-02   1.692786e+00
3.105469e+00  1.078125e+03  3.400637e+00  1.631558e+00     1.769079e+00       3.412085e+00     1.034501e-02   1.695205e+00
3.128906e+00  1.078125e+03  3.393930e+00  1.580760e+00     1.813169e+00       3.382824e+00     1.010569e-02   1.693507e+00
3.152344e+00  1.078125e+03  3.364432e+00  1.515771e+00     1.848661e+00       3.353563e+00     9.890453e-03   1.691501e+00
3.175781e+00  1.078125e+03  3.334942e+00  1.479260e+00     1.855683e+00       3.324302e+00     9.682255e-03   1.689468e+00
3.199219e+00  1.078125e+03  3.305458e+00  1.449219e+00     1.856239e+00       3.295042e+00     9.478514e-03   1.687528e+00
3.222656e+00  1.078125e+03  3.275977e+00  1.421329e+00     1.854647e+00       3.265781e+00     9.278553e-03   1.685721e+00
3.246094e+00  1.078125e+03  3.246500e+00  1.394601e+00     1.851899e+00       3.236520e+00     9.082048e-03   1.684060e+00
3.269531e+00  1.078125e+03  3.217027e+00  1.368641e+00     1.848385e+00       3.207259e+00     8.888804e-03   1.682551e+00
3.292969e+00  1.078125e+03  3.187557e+00  1.343262e+00     1.844294e+00       3.177998e+00     8.698682e-03   1.681193e+00
3.316406e+00  1.078125e+03  3.158090e+00  1.318362e+00     1.839728e+00       3.148737e+00     8.511579e-03   1.679986e+00
3.339844e+00  1.078125e+03  3.128627e+00  1.293879e+00     1.834747e+00       3.119476e+00     8.327406e-03   1.678929e+00
3.363281e+00  1.078125e+03  3.099166e+00  1.269772e+00     1.829394e+00       3.090215e+00     8.146087e-03   1.678018e+00
3.386719e+00  1.078125e+03  3.069709e+00  1.246011e+00     1.823698e+00       3.060954e+00     7.967555e-03   1.677252e+00
3.410156e+00  1.078125e+03  3.040255e+00  1.222573e+00     1.817682e+00       3.031693e+00     7.791751e-03   1.676628e+00
3.433594e+00  1.078125e+03  3.010804e+00  1.199441e+00     1.811363e+00       3.002432e+00     7.618618e-03   1.676143e+00
3.457031e+00  1.078125e+03  2.981356e+00  1.176600e+00     1.804755e+00       2.973171e+00     7.448107e-03   1.675795e+00
3.480469e+00  1.078125e+03  2.951910e+00  1.154039e+00     1.797871e+00       2.943910e+00     7.280170e-03   1.675581e+00
3.503906e+00  1.078125e+03  2.922467e+00  1.131747e+00     1.790721e+00       2.914649e+00     7.114763e-03   1.675499e+00
3.527344e+00  1.078125e+03  2.893027e+00  1.109715e+00     1.783313e+00       2.885388e+00     6.951846e-03   1.675546e+00
3.550781e+00  1.078125e+03  2.863590e+00  1.087936e+00     1.775654e+00       2.856127e+00     6.791379e-03   1.675719e+00
3.574219e+00  1.078125e+03  2.834155e+00  1.066403e+00     1.767752e+00       2.826866e+00     6.633326e-03   1.676018e+00
3.597656e+00  1.078125e+03  2.804723e+00  1.045111e+00     1.759612e+00       2.797605e+00     6.477653e-03   1.676438e+00
3.621094e+00  1.078125e+03  2.775294e+00  1.024054e+00     1.751239e+00       2.768344e+00     6.324327e-03   1.676980e+00
3.644531e+00  1.078125e+03  2.745867e+00  1.003228e+00     1.742638e+00       2.739083e+00     6.173316e-03   1.677640e+00
3.667969e+00  1.078125e+03  2.716442e+00  9.826292e-01     1.733813e+00       2.709822e+00     6.024592e-03   1.678416e+00
3.691406e+00  1.078125e+03  2.687020e+00  9.622527e-01     1.724768e+00       2.680561e+00     5.878125e-03   1.679308e+00
3.714844e+00  1.078125e+03  2.657601e+00  9.420958e-01     1.715505e+00       2.651300e+00     5.733890e-03   1.680314e+00
3.738281e+00  1.078125e+03  2.628184e+00  9.221551e-01     1.706029e+00       2.622039e+00     5.591861e-03   1.681432e+00
3.761719e+00  1.078125e+03  2.598769e+00  9.024281e-01     1.696341e+00       2.592778e+00     5.452012e-03   1.682661e+00
3.785156e+00  1.078125e+03  2.569357e+00  8.829119e-01     1.686445e+00       2.563517e+00     5.314322e-03   1.683999e+00
3.808594e+00  1.078125e+03  2.539947e+00  8.636045e-01     1.676342e+00       2.534256e+00     5.178766e-03   1.685446e+00
3.832031e+00  1.078125e+03  2.510539e+00  8.445036e-01     1.666036e+00       2.504995e+00     5.045325e-03   1.687000e+00
3.855469e+00  1.078125e+03  2.481134e+00  8.256073e-01     1.655527e+00       2.475734e+00     4.913976e-03   1.688661e+00
3.878906e+00  1.078125e+03  2.451731e+00  8.069140e-01     1.644817e+00       2.446473e+00     4.784701e-03   1.690427e+00
3.902344e+00  1.078125e+03  2.422330e+00  7.884221e-01     1.633908e+00       2.417212e+00     4.657481e-03   1.692298e+00
3.925781e+00  1.078125e+03  2.392932e+00  7.701301e-01     1.622801e+00       2.387951e+00     4.532296e-03   1.694274e+00
3.949219e+00  1.078125e+03  2.363535e+00  7.520369e-01     1.611498e+00       2.358690e+00     4.409131e-03   1.696353e+00
3.972656e+00  1.078125e+03  2.334141e+00  7.341414e-01     1.600000e+00       2.329429e+00     4.287967e-03   1.698535e+00
3.996094e+00  1.078125e+03  2.304749e+00  7.164425e-01     1.588307e+00       2.300168e+00     4.168790e-03   1.700820e+00
4.019531e+00  1.078125e+03  2.275359e+00  6.989396e-01     1.576420e+00       2.270907e+00     4.051582e-03   1.703208e+00
4.042969e+00  1.078125e+03  2.245972e+00  6.816318e-01     1.564340e+00       2.241646e+00     3.936330e-03   1.705697e+00
4.066406e+00  1.078125e+03  2.216586e+00  6.645187e-01     1.552068e+00       2.212385e+00     3.823018e-03   1.708289e+00
4.089844e+00  1.078125e+03  2.187203e+00  6.475997e-01     1.539603e+00       2.183124e+00     3.711633e-03   1.710982e+00
4.113281e+00  1.078125e+03  2.157822e+00  6.308745e-01     1.526947e+00       2.153863e+00     3.602161e-03   1.713777e+00
4.136719e+00  1.078125e+03  2.128442e+00  6.143429e-01     1.514099e+00       2.124602e+00     3.494590e-03   1.716675e+00
4.160156e+00  1.078125e+03  2.099065e+00  5.980047e-01     1.501061e+00       2.095341e+00     3.388906e-03   1.719674e+00
4.183594e+00  1.078125e+03  2.069690e+00  5.818598e-01     1.487830e+00       2.066080e+00     3.285098e-03   1.722776e+00
4.207031e+00  1.078125e+03  2.040317e+00  5.659082e-01     1.474409e+00       2.036819e+00     3.183154e-03   1.725980e+00
4.230469e+00  1.078125e+03  2.010946e+00  5.501502e-01     1.460796e+00       2.007558e+00     3.083062e-03   1.729287e+00
4.253906e+00  1.078125e+03  1.981577e+00  5.345858e-01     1.446991e+00       1.978297e+00     2.984812e-03   1.732698e+00
4.277344e+00  1.078125e+03  1.952210e+00  5.192154e-01     1.432995e+00       1.949036e+00     2.888393e-03   1.736212e+00
4.300781e+00  1.078125e+03  1.922845e+00  5.040392e-01     1.418806e+00       1.919775e+00     2.793795e-03   1.739831e+00
4.324219e+00  1.078125e+03  1.893482e+00  4.890577e-01     1.404425e+00       1.890514e+00     2.701009e-03   1.743554e+00
4.347656e+00  1.078125e+03  1.864121e+00  4.742713e-01     1.389850e+00       1.861253e+00     2.610023e-03   1.747384e+00
4.371094e+00  1.078125e+03  1.834762e+00  4.596805e-01     1.375082e+00       1.831992e+00     2.520830e-03   1.751320e+00
4.394531e+00  1.078125e+03  1.805405e+00  4.452857e-01     1.360120e+00       1.802731e+00     2.433420e-03   1.755363e+00
4.417969e+00  1.078125e+03  1.776050e+00  4.310876e-01     1.344963e+00       1.773470e+00     2.347785e-03   1.759515e+00
4.441406e+00  1.078125e+03  1.746697e+00  4.170867e-01     1.329610e+00       1.744209e+00     2.263916e-03   1.763775e+00
4.464844e+00  1.078125e+03  1.717346e+00  4.032835e-01     1.314062e+00       1.714948e+00     2.181806e-03   1.768146e+00
4.488281e+00  1.078125e+03  1.687997e+00  3.896786e-01     1.298318e+00       1.685687e+00     2.101447e-03   1.772629e+00
4.511719e+00  1.078125e+03  1.658649e+00  3.762723e-01     1.282377e+00       1.656426e+00     2.022832e-03   1.777223e+00
4.535156e+00  1.078125e+03  1.629304e+00  3.630651e-01     1.266239e+00       1.627165e+00     1.945955e-03   1.781932e+00
4.558594e+00  1.078125e+03  1.599960e+00  3.500572e-01     1.249903e+00       1.597904e+00     1.870809e-03   1.786756e+00
4.582031e+00  1.078125e+03  1.570619e+00  3.372486e-01     1.233370e+00       1.568643e+00     1.797388e-03   1.791696e+00
4.605469e+00  1.078125e+03  1.541279e+00  3.246391e-01     1.216640e+00       1.539382e+00     1.725689e-03   1.796753e+00
4.628906e+00  1.078125e+03  1.511941e+00  3.122282e-01     1.199713e+00       1.510121e+00     1.655706e-03   1.801930e+00
4.652344e+00  1.078125e+03  1.482605e+00  3.000147e-01     1.182590e+00       1.480860e+00     1.587436e-03   1.807228e+00
4.675781e+00  1.078125e+03  1.453271e+00  2.879969e-01     1.165274e+00       1.451599e+00     1.520878e-03   1.812647e+00
4.699219e+00  1.078125e+03  1.423939e+00  2.761720e-01     1.147767e+00       1.422338e+00     1.456032e-03   1.818191e+00
4.722656e+00  1.078125e+03  1.394608e+00  2.645358e-01     1.130072e+00       1.393077e+00     1.392899e-03   1.823860e+00
4.746094e+00  1.078125e+03  1.365280e+00  2.530821e-01     1.112198e+00       1.363816e+00     1.331484e-03   1.829655e+00
4.769531e+00  1.078125e+03  1.335953e+00  2.418015e-01     1.094152e+00       1.334555e+00     1.271795e-03   1.835579e+00
4.792969e+00  1.078125e+03  1.306628e+00  2.306799e-01     1.075949e+00       1.305294e+00     1.213848e-03   1.841632e+00
4.816406e+00  1.078125e+03  1.277306e+00  2.196954e-01     1.057610e+00       1.276033e+00     1.157662e-03   1.847817e+00
4.839844e+00  1.078125e+03  1.247985e+00  2.088136e-01     1.039171e+00       1.246772e+00     1.103273e-03   1.854132e+00
4.863281e+00  1.078125e+03  1.218666e+00  1.979769e-01     1.020689e+00       1.217511e+00     1.050735e-03   1.860578e+00
4.886719e+00  1.078125e+03  1.189350e+00  1.870821e-01     1.002268e+00       1.188250e+00     1.000133e-03   1.867153e+00
4.910156e+00  1.078125e+03  1.160035e+00  1.759243e-01     9.841111e-01       1.158990e+00     9.516178e-04   1.873850e+00
4.933594e+00  1.078125e+03  1.130724e+00  1.651921e-01     9.655316e-01       1.129729e+00     9.054810e-04   1.880662e+00
4.957031e+00  1.031250e+03  1.093970e+00  1.610263e-01     9.329440e-01       1.100468e+00     8.616092e-04   1.884145e+00
4.980469e+00  1.031250e+03  1.073376e+00  1.590031e-01     9.143731e-01       1.072479e+00     8.166052e-04   1.890912e+00
5.003906e+00  1.031250e+03  1.045339e+00  1.522907e-01     8.930479e-01       1.044490e+00     7.722109e-04   1.897856e+00
5.027344e+00  1.031250e+03  1.017302e+00  1.446868e-01     8.726155e-01       1.016501e+00     7.289504e-04   1.904973e+00
5.050781e+00  1.031250e+03  9.892674e-01  1.369224e-01     8.523450e-01       9.885125e-01     6.869745e-04   1.912259e+00
5.074219e+00  1.031250e+03  9.612340e-01  1.291793e-01     8.320547e-01       9.605237e-01     6.463566e-04   1.919713e+00
5.097656e+00  1.031250e+03  9.332021e-01  1.215384e-01     8.116637e-01       9.325349e-01     6.071374e-04   1.927335e+00
5.121094e+00  1.031250e+03  9.051718e-01  1.140406e-01     7.911313e-01       9.045461e-01     5.693426e-04   1.935126e+00
5.144531e+00  1.031250e+03  8.771431e-01  1.067066e-01     7.704365e-01       8.765574e-01     5.329913e-04   1.943089e+00
5.167969e+00  1.031250e+03  8.491160e-01  9.954547e-02     7.495705e-01       8.485686e-01     4.981003e-04   1.951224e+00
5.191406e+00  1.031250e+03  8.210905e-01  9.255573e-02     7.285348e-01       8.205798e-01     4.646892e-04   1.959533e+00
5.214844e+00  1.031250e+03  7.930667e-01  8.572393e-02     7.073428e-01       7.925911e-01     4.327853e-04   1.968018e+00
5.238281e+00  1.031250e+03  7.650446e-01  7.901684e-02     6.860277e-01       7.646023e-01     4.024322e-04   1.976678e+00
5.261719e+00  1.031250e+03  7.370242e-01  7.236674e-02     6.646575e-01       7.366135e-01     3.737088e-04   1.985511e+00
5.285156e+00  1.031250e+03  7.090059e-01  6.595889e-02     6.430470e-01       7.086248e-01     3.467737e-04   1.994509e+00
5.308594e+00  9.843750e+02  6.763791e-01  6.233872e-02     6.140404e-01       6.806360e-01     3.216967e-04   2.001140e+00
5.332031e+00  9.843750e+02  6.542453e-01  5.949866e-02     5.947467e-01       6.539194e-01     2.965344e-04   2.010253e+00
5.355469e+00  9.843750e+02  6.275020e-01  5.500659e-02     5.724955e-01       6.272029e-01     2.722247e-04   2.019569e+00
5.378906e+00  9.843750e+02  6.007600e-01  5.031494e-02     5.504451e-01       6.004863e-01     2.490386e-04   2.029087e+00
5.402344e+00  9.843750e+02  5.740193e-01  4.568487e-02     5.283344e-01       5.737698e-01     2.270634e-04   2.038807e+00
5.425781e+00  9.843750e+02  5.472800e-01  4.116916e-02     5.061109e-01       5.470532e-01     2.063571e-04   2.048729e+00
5.449219e+00  9.843750e+02  5.205422e-01  3.677110e-02     4.837711e-01       5.203367e-01     1.869821e-04   2.058850e+00
5.472656e+00  9.843750e+02  4.938059e-01  3.257090e-02     4.612350e-01       4.936201e-01     1.690414e-04   2.069163e+00
5.496094e+00  9.375000e+02  4.639090e-01  2.982826e-02     4.340808e-01       4.669036e-01     1.526396e-04   2.077653e+00
5.519531e+00  9.375000e+02  4.416093e-01  2.741473e-02     4.141946e-01       4.414592e-01     1.365506e-04   2.088184e+00
5.542969e+00  9.375000e+02  4.161483e-01  2.432196e-02     3.918263e-01       4.160149e-01     1.213650e-04   2.098929e+00
5.566406e+00  9.375000e+02  3.906884e-01  2.123043e-02     3.694580e-01       3.905706e-01     1.072640e-04   2.109888e+00
5.589844e+00  9.375000e+02  3.652299e-01  1.828282e-02     3.469471e-01       3.651262e-01     9.434765e-05   2.121052e+00
5.613281e+00  8.906250e+02  3.374135e-01  1.623384e-02     3.211796e-01       3.396819e-01     8.273898e-05   2.130752e+00
5.636719e+00  8.906250e+02  3.155884e-01  1.435860e-02     3.012298e-01       3.155098e-01     7.158139e-05   2.142193e+00
5.660156e+00  8.906250e+02  2.914050e-01  1.218287e-02     2.792221e-01       2.913376e-01     6.129448e-05   2.153852e+00
5.683594e+00  8.906250e+02  2.672227e-01  1.010516e-02     2.571175e-01       2.671655e-01     5.201520e-05   2.165721e+00
5.707031e+00  8.437500e+02  2.413398e-01  8.588099e-03     2.327517e-01       2.429934e-01     4.386433e-05   2.176415e+00
5.730469e+00  8.437500e+02  2.201333e-01  7.189358e-03     2.129440e-01       2.200935e-01     3.625244e-05   2.188601e+00
5.753906e+00  8.437500e+02  1.972260e-01  5.719209e-03     1.915068e-01       1.971936e-01     2.947851e-05   2.200997e+00
5.777344e+00  7.968750e+02  1.730968e-01  4.593375e-03     1.685034e-01       1.742937e-01     2.367074e-05   2.212434e+00
5.800781e+00  7.968750e+02  1.526863e-01  3.577071e-03     1.491092e-01       1.526660e-01     1.846186e-05   2.225166e+00
5.824219e+00  7.500000e+02  1.300403e-01  2.730294e-03     1.273101e-01       1.310383e-01     1.407510e-05   2.237097e+00
5.847656e+00  7.500000e+02  1.106941e-01  1.985345e-03     1.087088e-01       1.106829e-01     1.027130e-05   2.250171e+00
5.871094e+00  7.031250e+02  8.969835e-02  1.367716e-03     8.833063e-02       9.032739e-02     7.206200e-06   2.262590e+00
5.894531e+00  6.562500e+02  7.062758e-02  9.038514e-04     6.972373e-02       7.124414e-02     4.755658e-06   2.275261e+00
5.917969e+00  6.093750e+02  5.289547e-02  5.457048e-04     5.234977e-02       5.343311e-02     2.859882e-06   2.288186e+00
5.941406e+00  5.625000e+02  3.648429e-02  2.819578e-04     3.620233e-02       3.689429e-02     1.485456e-06   2.301362e+00
5.964844e+00  4.687500e+02  2.125318e-02  1.151454e-04     2.113804e-02       2.162769e-02     6.051455e-07   2.314370e+00
5.988281e+00  3.281250e+02  8.619200e-03  2.788386e-05     8.591316e-03       8.905518e-03     1.403095e-07   2.327542e+00
