#Xaxis_B4     YlengthB4     discharge_B4   dischargeEFF_B4  dischargeINEFF_B4  rech_Moulins_B4  rech_meltR_B4  P_B4
1.562500e-01  2.000000e+04  -0.000000e+00  -0.000000e+00    -0.000000e+00      9.015860e+01     8.075019e-01   6.755066e-02
4.687500e-01  2.000000e+04  9.104546e+01   5.331206e+00     8.571425e+01       9.015810e+01     8.074928e-01   1.821780e-01
7.812500e-01  2.000000e+04  9.104494e+01   7.123124e-01     9.033263e+01       9.015761e+01     8.074723e-01   2.935517e-01
1.093750e+00  2.000000e+04  9.104442e+01   2.358697e-01     9.080855e+01       9.015711e+01     8.074478e-01   4.019379e-01
1.406250e+00  2.000000e+04  9.104389e+01   1.236684e-01     9.092022e+01       9.015662e+01     8.074194e-01   5.075554e-01
1.718750e+00  2.000000e+04  9.104336e+01   8.661874e-02     9.095674e+01       9.015612e+01     8.073850e-01   6.105886e-01
2.031250e+00  2.000000e+04  9.104281e+01   7.450720e-02     9.096831e+01       9.015563e+01     8.073411e-01   7.111910e-01
2.343750e+00  2.000000e+04  9.104225e+01   7.476332e-02     9.096749e+01       9.015513e+01     8.072824e-01   8.094839e-01
2.656250e+00  2.000000e+04  9.104167e+01   8.425396e-02     9.095741e+01       9.015463e+01     8.072001e-01   9.055523e-01
2.968750e+00  2.000000e+04  9.104104e+01   1.033854e-01     9.093766e+01       9.015414e+01     8.070810e-01   9.994363e-01
3.281250e+00  2.000000e+04  9.104035e+01   1.346299e-01     9.090572e+01       9.015364e+01     8.069045e-01   1.091119e+00
3.593750e+00  2.000000e+04  9.103957e+01   1.822122e-01     9.085735e+01       9.015315e+01     8.066395e-01   1.180509e+00
3.906250e+00  2.000000e+04  9.103863e+01   2.521210e-01     9.078651e+01       9.015265e+01     8.062407e-01   1.267420e+00
4.218750e+00  2.000000e+04  9.103747e+01   3.519829e-01     9.068549e+01       9.015215e+01     8.056433e-01   1.351550e+00
4.531250e+00  2.000000e+04  9.102962e+01   4.880063e-01     9.054162e+01       9.014527e+01     8.047599e-01   1.432469e+00
4.843750e+00  2.000000e+04  9.060861e+01   6.432934e-01     8.996532e+01       8.972566e+01     8.034894e-01   1.509698e+00
5.156250e+00  2.000000e+04  8.743176e+01   7.683098e-01     8.666345e+01       8.655067e+01     8.017916e-01   1.583041e+00
5.468750e+00  2.000000e+04  8.425284e+01   9.073445e-01     8.334550e+01       8.337410e+01     7.996550e-01   1.652064e+00
5.781250e+00  2.000000e+04  8.366763e+01   1.108038e+00     8.255959e+01       8.279187e+01     7.969397e-01   1.715795e+00
6.093750e+00  2.000000e+04  8.178380e+01   1.276277e+00     8.050752e+01       8.091177e+01     7.935476e-01   1.774077e+00
6.406250e+00  2.000000e+04  7.898686e+01   1.415234e+00     7.757162e+01       7.811922e+01     7.895492e-01   1.826950e+00
6.718750e+00  2.000000e+04  7.842395e+01   1.630970e+00     7.679298e+01       7.756146e+01     7.848696e-01   1.873464e+00
7.031250e+00  2.000000e+04  7.840413e+01   1.891426e+00     7.651270e+01       7.754773e+01     7.793234e-01   1.913258e+00
7.343750e+00  2.000000e+04  7.839638e+01   2.150733e+00     7.624564e+01       7.754707e+01     7.728688e-01   1.946522e+00
7.656250e+00  2.000000e+04  7.835444e+01   2.371518e+00     7.598292e+01       7.751317e+01     7.655552e-01   1.973811e+00
7.968750e+00  2.000000e+04  7.743784e+01   2.455571e+00     7.498227e+01       7.660534e+01     7.575797e-01   1.996495e+00
8.281250e+00  2.000000e+04  7.440536e+01   2.367964e+00     7.203739e+01       7.358185e+01     7.493962e-01   2.016718e+00
8.593750e+00  2.000000e+04  7.303282e+01   2.356113e+00     7.067671e+01       7.221833e+01     7.411893e-01   2.033858e+00
8.906250e+00  2.000000e+04  7.276021e+01   2.407065e+00     7.035314e+01       7.195502e+01     7.327196e-01   2.047533e+00
9.218750e+00  2.000000e+04  7.181898e+01   2.409686e+00     6.940929e+01       7.102336e+01     7.240079e-01   2.058722e+00
9.531250e+00  2.000000e+04  7.118118e+01   2.416890e+00     6.876429e+01       7.039527e+01     7.151759e-01   2.067686e+00
9.843750e+00  2.000000e+04  7.090706e+01   2.416955e+00     6.849011e+01       7.013101e+01     7.062064e-01   2.074655e+00
1.015625e+01  2.000000e+04  6.930897e+01   2.321642e+00     6.698733e+01       6.854274e+01     6.972715e-01   2.081140e+00
1.046875e+01  2.000000e+04  6.771114e+01   2.233037e+00     6.547811e+01       6.695447e+01     6.885729e-01   2.087340e+00
1.078125e+01  2.000000e+04  6.743744e+01   2.211255e+00     6.522618e+01       6.669021e+01     6.799765e-01   2.092277e+00
1.109375e+01  2.000000e+04  6.679991e+01   2.169865e+00     6.463004e+01       6.606212e+01     6.713915e-01   2.096447e+00
1.140625e+01  2.000000e+04  6.585878e+01   2.117325e+00     6.374146e+01       6.513030e+01     6.629169e-01   2.100266e+00
1.171875e+01  2.000000e+04  6.556057e+01   2.074709e+00     6.348586e+01       6.484131e+01     6.545278e-01   2.103400e+00
1.203125e+01  2.000000e+04  6.373521e+01   1.904128e+00     6.183108e+01       6.302492e+01     6.463611e-01   2.107631e+00
1.234375e+01  2.000000e+04  5.969581e+01   1.650150e+00     5.804566e+01       5.899377e+01     6.388612e-01   2.114853e+00
1.265625e+01  2.000000e+04  5.847794e+01   1.553689e+00     5.692425e+01       5.778349e+01     6.319455e-01   2.122034e+00
1.296875e+01  2.000000e+04  5.842538e+01   1.552397e+00     5.687298e+01       5.773845e+01     6.251004e-01   2.127760e+00
1.328125e+01  2.000000e+04  5.841708e+01   1.570039e+00     5.684704e+01       5.773777e+01     6.181661e-01   2.132045e+00
1.359375e+01  2.000000e+04  5.840445e+01   1.582984e+00     5.682147e+01       5.773287e+01     6.111443e-01   2.135136e+00
1.390625e+01  2.000000e+04  5.821044e+01   1.567009e+00     5.664343e+01       5.754661e+01     6.040836e-01   2.137484e+00
1.421875e+01  2.000000e+04  5.727161e+01   1.504261e+00     5.576735e+01       5.661544e+01     5.971189e-01   2.139931e+00
1.453125e+01  2.000000e+04  5.663763e+01   1.462490e+00     5.517514e+01       5.598894e+01     5.903155e-01   2.142229e+00
1.484375e+01  2.000000e+04  5.647075e+01   1.440823e+00     5.502993e+01       5.582946e+01     5.835801e-01   2.144042e+00
1.515625e+01  2.000000e+04  5.566881e+01   1.390636e+00     5.427817e+01       5.503481e+01     5.769375e-01   2.146090e+00
1.546875e+01  2.000000e+04  5.486705e+01   1.347860e+00     5.351919e+01       5.424016e+01     5.704641e-01   2.148345e+00
1.578125e+01  2.000000e+04  5.470056e+01   1.328952e+00     5.337161e+01       5.408068e+01     5.640850e-01   2.150196e+00
1.609375e+01  2.000000e+04  5.406713e+01   1.291291e+00     5.277584e+01       5.345418e+01     5.577811e-01   2.152224e+00
1.640625e+01  2.000000e+04  5.312920e+01   1.249929e+00     5.187927e+01       5.252301e+01     5.516348e-01   2.154715e+00
1.671875e+01  2.000000e+04  5.293632e+01   1.237090e+00     5.169923e+01       5.233675e+01     5.456010e-01   2.156809e+00
1.703125e+01  2.000000e+04  5.292479e+01   1.237307e+00     5.168748e+01       5.233185e+01     5.395747e-01   2.158278e+00
1.734375e+01  2.000000e+04  5.291764e+01   1.239176e+00     5.167847e+01       5.233134e+01     5.335349e-01   2.159184e+00
1.765625e+01  2.000000e+04  5.291050e+01   1.240152e+00     5.167035e+01       5.233085e+01     5.274863e-01   2.159622e+00
1.796875e+01  2.000000e+04  5.290336e+01   1.240040e+00     5.166332e+01       5.233035e+01     5.214363e-01   2.159679e+00
1.828125e+01  2.000000e+04  5.289622e+01   1.239021e+00     5.165720e+01       5.232985e+01     5.153915e-01   2.159429e+00
1.859375e+01  2.000000e+04  5.288909e+01   1.237363e+00     5.165173e+01       5.232936e+01     5.093572e-01   2.158934e+00
1.890625e+01  2.000000e+04  5.288198e+01   1.235402e+00     5.164658e+01       5.232886e+01     5.033378e-01   2.158246e+00
1.921875e+01  2.000000e+04  5.287489e+01   1.233543e+00     5.164134e+01       5.232836e+01     4.973359e-01   2.157410e+00
1.953125e+01  2.000000e+04  5.286622e+01   1.230759e+00     5.163546e+01       5.232627e+01     4.913532e-01   2.156477e+00
1.984375e+01  2.000000e+04  5.275441e+01   1.213678e+00     5.154073e+01       5.222100e+01     4.854049e-01   2.155645e+00
2.015625e+01  2.000000e+04  5.195390e+01   1.159525e+00     5.079437e+01       5.142688e+01     4.795845e-01   2.155619e+00
2.046875e+01  2.000000e+04  5.115361e+01   1.111619e+00     5.004199e+01       5.063276e+01     4.739696e-01   2.156268e+00
2.078125e+01  2.000000e+04  5.104230e+01   1.096237e+00     4.994606e+01       5.052749e+01     4.684768e-01   2.156808e+00
2.109375e+01  2.000000e+04  5.103420e+01   1.094600e+00     4.993960e+01       5.052540e+01     4.630078e-01   2.157069e+00
2.140625e+01  2.000000e+04  5.102738e+01   1.095237e+00     4.993214e+01       5.052458e+01     4.575430e-01   2.157083e+00
2.171875e+01  2.000000e+04  5.096951e+01   1.085434e+00     4.988408e+01       5.047271e+01     4.520887e-01   2.157029e+00
2.203125e+01  2.000000e+04  5.005741e+01   1.030474e+00     4.902693e+01       4.956648e+01     4.467452e-01   2.157937e+00
2.234375e+01  2.000000e+04  4.803591e+01   9.509682e-01     4.708494e+01       4.755053e+01     4.416928e-01   2.160775e+00
2.265625e+01  2.000000e+04  4.739185e+01   9.068205e-01     4.648503e+01       4.691174e+01     4.369079e-01   2.164057e+00
2.296875e+01  2.000000e+04  4.645668e+01   8.249804e-01     4.563170e+01       4.598163e+01     4.322910e-01   2.167970e+00
2.328125e+01  2.000000e+04  4.342846e+01   6.809938e-01     4.274746e+01       4.295807e+01     4.280562e-01   2.174138e+00
2.359375e+01  2.000000e+04  4.206515e+01   6.129163e-01     4.145223e+01       4.159896e+01     4.242280e-01   2.180808e+00
2.390625e+01  2.000000e+04  4.198349e+01   6.063216e-01     4.137716e+01       4.152141e+01     4.204921e-01   2.186614e+00
2.421875e+01  2.000000e+04  4.197836e+01   6.151505e-01     4.136321e+01       4.152044e+01     4.167083e-01   2.191429e+00
2.453125e+01  2.000000e+04  4.197364e+01   6.248926e-01     4.134875e+01       4.151994e+01     4.128652e-01   2.195349e+00
2.484375e+01  2.000000e+04  4.196886e+01   6.335766e-01     4.133529e+01       4.151945e+01     4.089696e-01   2.198489e+00
2.515625e+01  2.000000e+04  4.196404e+01   6.410659e-01     4.132297e+01       4.151895e+01     4.050303e-01   2.200960e+00
2.546875e+01  2.000000e+04  4.195865e+01   6.468955e-01     4.131175e+01       4.151793e+01     4.010555e-01   2.202870e+00
2.578125e+01  2.000000e+04  4.189956e+01   6.437462e-01     4.125581e+01       4.146323e+01     3.970595e-01   2.204408e+00
2.609375e+01  2.000000e+04  4.127031e+01   6.144994e-01     4.065581e+01       4.083832e+01     3.931112e-01   2.206217e+00
2.640625e+01  2.000000e+04  4.033494e+01   5.813630e-01     3.975358e+01       3.990715e+01     3.892919e-01   2.208537e+00
2.671875e+01  2.000000e+04  4.014459e+01   5.711120e-01     3.957348e+01       3.972089e+01     3.855643e-01   2.210647e+00
2.703125e+01  2.000000e+04  4.013559e+01   5.715180e-01     3.956408e+01       3.971599e+01     3.818426e-01   2.212329e+00
2.734375e+01  2.000000e+04  4.013098e+01   5.738751e-01     3.955711e+01       3.971548e+01     3.781070e-01   2.213601e+00
2.765625e+01  2.000000e+04  4.012637e+01   5.762470e-01     3.955012e+01       3.971498e+01     3.743577e-01   2.214513e+00
2.796875e+01  2.000000e+04  4.012174e+01   5.784591e-01     3.954328e+01       3.971449e+01     3.705972e-01   2.215114e+00
2.828125e+01  2.000000e+04  4.011709e+01   5.806526e-01     3.953644e+01       3.971398e+01     3.668279e-01   2.215452e+00
2.859375e+01  2.000000e+04  4.010803e+01   5.812552e-01     3.952678e+01       3.970908e+01     3.630523e-01   2.215596e+00
2.890625e+01  2.000000e+04  3.991765e+01   5.683631e-01     3.934929e+01       3.952282e+01     3.592924e-01   2.215847e+00
2.921875e+01  2.000000e+04  3.898246e+01   5.314366e-01     3.845102e+01       3.859165e+01     3.556374e-01   2.216974e+00
2.953125e+01  2.000000e+04  3.835370e+01   5.069499e-01     3.784675e+01       3.796674e+01     3.521337e-01   2.218559e+00
2.984375e+01  2.000000e+04  3.829522e+01   5.006612e-01     3.779456e+01       3.791204e+01     3.486958e-01   2.219932e+00
3.015625e+01  2.000000e+04  3.829043e+01   5.006572e-01     3.778977e+01       3.791102e+01     3.452612e-01   2.220980e+00
3.046875e+01  2.000000e+04  3.828615e+01   5.016547e-01     3.778450e+01       3.791052e+01     3.418198e-01   2.221725e+00
3.078125e+01  2.000000e+04  3.828187e+01   5.025835e-01     3.777928e+01       3.791003e+01     3.383719e-01   2.222202e+00
3.109375e+01  2.000000e+04  3.827758e+01   5.032421e-01     3.777433e+01       3.790953e+01     3.349196e-01   2.222449e+00
3.140625e+01  2.000000e+04  3.827328e+01   5.036040e-01     3.776968e+01       3.790904e+01     3.314651e-01   2.222498e+00
3.171875e+01  2.000000e+04  3.826899e+01   5.036945e-01     3.776530e+01       3.790854e+01     3.280107e-01   2.222381e+00
3.203125e+01  2.000000e+04  3.826470e+01   5.035592e-01     3.776114e+01       3.790805e+01     3.245583e-01   2.222123e+00
3.234375e+01  2.000000e+04  3.826042e+01   5.032585e-01     3.775716e+01       3.790755e+01     3.211094e-01   2.221746e+00
3.265625e+01  2.000000e+04  3.825614e+01   5.028765e-01     3.775326e+01       3.790705e+01     3.176652e-01   2.221271e+00
3.296875e+01  2.000000e+04  3.825186e+01   5.025502e-01     3.774931e+01       3.790656e+01     3.142266e-01   2.220714e+00
3.328125e+01  2.000000e+04  3.824758e+01   5.024829e-01     3.774510e+01       3.790605e+01     3.107936e-01   2.220091e+00
3.359375e+01  2.000000e+04  3.823891e+01   5.013908e-01     3.773752e+01       3.790115e+01     3.073663e-01   2.219442e+00
3.390625e+01  2.000000e+04  3.804892e+01   4.891479e-01     3.755977e+01       3.771489e+01     3.039631e-01   2.219056e+00
3.421875e+01  2.000000e+04  3.711412e+01   4.569861e-01     3.665713e+01       3.678372e+01     3.006649e-01   2.219713e+00
3.453125e+01  2.000000e+04  3.648575e+01   4.361407e-01     3.604961e+01       3.615881e+01     2.975139e-01   2.220961e+00
3.484375e+01  2.000000e+04  3.642766e+01   4.305325e-01     3.599713e+01       3.610411e+01     2.944288e-01   2.222094e+00
3.515625e+01  2.000000e+04  3.642325e+01   4.305441e-01     3.599271e+01       3.610309e+01     2.913501e-01   2.222985e+00
3.546875e+01  2.000000e+04  3.641884e+01   4.317495e-01     3.598709e+01       3.610207e+01     2.882659e-01   2.223647e+00
3.578125e+01  2.000000e+04  3.636075e+01   4.277057e-01     3.593304e+01       3.604737e+01     2.851792e-01   2.224220e+00
3.609375e+01  2.000000e+04  3.573251e+01   4.042056e-01     3.532831e+01       3.542246e+01     2.821472e-01   2.225379e+00
3.640625e+01  2.000000e+04  3.479815e+01   3.778933e-01     3.442025e+01       3.449129e+01     2.792432e-01   2.227348e+00
3.671875e+01  2.000000e+04  3.460881e+01   3.686553e-01     3.424015e+01       3.430503e+01     2.764344e-01   2.229282e+00
3.703125e+01  2.000000e+04  3.460083e+01   3.676554e-01     3.423317e+01       3.430013e+01     2.736398e-01   2.230907e+00
3.734375e+01  2.000000e+04  3.459724e+01   3.685119e-01     3.422873e+01       3.429962e+01     2.708379e-01   2.232213e+00
3.765625e+01  2.000000e+04  3.459366e+01   3.695456e-01     3.422411e+01       3.429912e+01     2.680266e-01   2.233227e+00
3.796875e+01  2.000000e+04  3.459007e+01   3.704286e-01     3.421964e+01       3.429863e+01     2.652072e-01   2.233984e+00
3.828125e+01  2.000000e+04  3.458647e+01   3.710891e-01     3.421538e+01       3.429813e+01     2.623816e-01   2.234516e+00
3.859375e+01  2.000000e+04  3.458286e+01   3.715212e-01     3.421134e+01       3.429764e+01     2.595517e-01   2.234852e+00
3.890625e+01  2.000000e+04  3.457925e+01   3.717396e-01     3.420751e+01       3.429714e+01     2.567192e-01   2.235018e+00
3.921875e+01  2.000000e+04  3.457564e+01   3.717658e-01     3.420388e+01       3.429665e+01     2.538859e-01   2.235037e+00
3.953125e+01  2.000000e+04  3.457203e+01   3.716222e-01     3.420041e+01       3.429615e+01     2.510531e-01   2.234931e+00
3.984375e+01  2.000000e+04  3.456843e+01   3.713306e-01     3.419710e+01       3.429566e+01     2.482220e-01   2.234715e+00
4.015625e+01  2.000000e+04  3.456482e+01   3.709109e-01     3.419391e+01       3.429516e+01     2.453938e-01   2.234407e+00
4.046875e+01  2.000000e+04  3.456122e+01   3.703811e-01     3.419084e+01       3.429466e+01     2.425693e-01   2.234020e+00
4.078125e+01  2.000000e+04  3.455763e+01   3.697573e-01     3.418787e+01       3.429417e+01     2.397494e-01   2.233564e+00
4.109375e+01  2.000000e+04  3.455404e+01   3.690536e-01     3.418499e+01       3.429367e+01     2.369347e-01   2.233051e+00
4.140625e+01  2.000000e+04  3.455046e+01   3.682824e-01     3.418218e+01       3.429318e+01     2.341258e-01   2.232489e+00
4.171875e+01  2.000000e+04  3.454688e+01   3.674545e-01     3.417943e+01       3.429268e+01     2.313232e-01   2.231886e+00
4.203125e+01  2.000000e+04  3.454332e+01   3.665794e-01     3.417674e+01       3.429219e+01     2.285273e-01   2.231248e+00
4.234375e+01  2.000000e+04  3.453975e+01   3.656651e-01     3.417409e+01       3.429169e+01     2.257385e-01   2.230581e+00
4.265625e+01  2.000000e+04  3.453620e+01   3.647189e-01     3.417148e+01       3.429119e+01     2.229570e-01   2.229890e+00
4.296875e+01  2.000000e+04  3.453266e+01   3.637467e-01     3.416891e+01       3.429070e+01     2.201830e-01   2.229178e+00
4.328125e+01  2.000000e+04  3.452912e+01   3.627540e-01     3.416637e+01       3.429020e+01     2.174168e-01   2.228450e+00
4.359375e+01  2.000000e+04  3.452560e+01   3.617451e-01     3.416385e+01       3.428971e+01     2.146584e-01   2.227708e+00
4.390625e+01  2.000000e+04  3.452208e+01   3.607240e-01     3.416135e+01       3.428921e+01     2.119080e-01   2.226955e+00
4.421875e+01  2.000000e+04  3.451857e+01   3.596942e-01     3.415888e+01       3.428872e+01     2.091658e-01   2.226194e+00
4.453125e+01  2.000000e+04  3.451507e+01   3.586586e-01     3.415641e+01       3.428822e+01     2.064316e-01   2.225426e+00
4.484375e+01  2.000000e+04  3.451158e+01   3.576196e-01     3.415396e+01       3.428773e+01     2.037057e-01   2.224654e+00
4.515625e+01  2.000000e+04  3.450810e+01   3.565796e-01     3.415152e+01       3.428723e+01     2.009880e-01   2.223878e+00
4.546875e+01  2.000000e+04  3.450462e+01   3.555405e-01     3.414908e+01       3.428673e+01     1.982786e-01   2.223099e+00
4.578125e+01  2.000000e+04  3.450116e+01   3.545041e-01     3.414665e+01       3.428624e+01     1.955773e-01   2.222320e+00
4.609375e+01  2.000000e+04  3.449770e+01   3.534721e-01     3.414423e+01       3.428574e+01     1.928843e-01   2.221540e+00
4.640625e+01  2.000000e+04  3.449426e+01   3.524462e-01     3.414181e+01       3.428525e+01     1.901995e-01   2.220762e+00
4.671875e+01  2.000000e+04  3.449082e+01   3.514279e-01     3.413939e+01       3.428475e+01     1.875229e-01   2.219984e+00
4.703125e+01  2.000000e+04  3.448739e+01   3.504194e-01     3.413697e+01       3.428426e+01     1.848543e-01   2.219208e+00
4.734375e+01  2.000000e+04  3.448397e+01   3.494227e-01     3.413455e+01       3.428376e+01     1.821939e-01   2.218435e+00
4.765625e+01  2.000000e+04  3.448056e+01   3.484411e-01     3.413212e+01       3.428326e+01     1.795414e-01   2.217664e+00
4.796875e+01  2.000000e+04  3.447716e+01   3.474785e-01     3.412968e+01       3.428277e+01     1.768969e-01   2.216897e+00
4.828125e+01  2.000000e+04  3.447377e+01   3.465410e-01     3.412723e+01       3.428227e+01     1.742602e-01   2.216133e+00
4.859375e+01  2.000000e+04  3.447038e+01   3.456377e-01     3.412475e+01       3.428178e+01     1.716312e-01   2.215374e+00
4.890625e+01  2.000000e+04  3.446701e+01   3.447828e-01     3.412222e+01       3.428128e+01     1.690097e-01   2.214618e+00
4.921875e+01  2.000000e+04  3.446364e+01   3.440004e-01     3.411964e+01       3.428079e+01     1.663956e-01   2.213867e+00
4.953125e+01  2.000000e+04  3.446028e+01   3.433330e-01     3.411695e+01       3.428029e+01     1.637885e-01   2.213121e+00
4.984375e+01  2.000000e+04  3.445693e+01   3.428628e-01     3.411406e+01       3.427980e+01     1.611877e-01   2.212380e+00
5.015625e+01  2.000000e+04  3.445358e+01   3.427527e-01     3.411082e+01       3.427930e+01     1.585926e-01   2.211645e+00
5.046875e+01  2.000000e+04  3.444971e+01   3.429354e-01     3.410677e+01       3.427828e+01     1.560013e-01   2.210925e+00
5.078125e+01  2.000000e+04  3.439217e+01   3.389953e-01     3.405317e+01       3.422358e+01     1.534168e-01   2.210330e+00
5.109375e+01  2.000000e+04  3.376448e+01   3.196864e-01     3.344479e+01       3.359867e+01     1.508874e-01   2.210489e+00
5.140625e+01  2.000000e+04  3.283050e+01   2.988476e-01     3.253165e+01       3.266734e+01     1.484745e-01   2.211600e+00
5.171875e+01  2.000000e+04  3.261600e+01   2.893217e-01     3.232668e+01       3.245540e+01     1.461498e-01   2.212916e+00
5.203125e+01  2.000000e+04  3.215573e+01   2.742309e-01     3.188150e+01       3.199762e+01     1.438775e-01   2.214702e+00
5.234375e+01  2.000000e+04  3.114517e+01   2.542087e-01     3.089096e+01       3.098945e+01     1.417041e-01   2.217423e+00
5.265625e+01  2.000000e+04  3.083995e+01   2.464347e-01     3.059351e+01       3.068651e+01     1.396233e-01   2.220253e+00
5.296875e+01  2.000000e+04  3.082605e+01   2.455160e-01     3.058053e+01       3.067488e+01     1.375606e-01   2.222798e+00
5.328125e+01  2.000000e+04  3.082323e+01   2.465589e-01     3.057667e+01       3.067434e+01     1.354898e-01   2.225016e+00
5.359375e+01  2.000000e+04  3.082045e+01   2.480285e-01     3.057242e+01       3.067385e+01     1.334066e-01   2.226925e+00
5.390625e+01  2.000000e+04  3.081765e+01   2.496277e-01     3.056802e+01       3.067335e+01     1.313107e-01   2.228552e+00
5.421875e+01  2.000000e+04  3.081484e+01   2.513970e-01     3.056344e+01       3.067285e+01     1.292025e-01   2.229926e+00
5.453125e+01  2.000000e+04  3.081041e+01   2.529663e-01     3.055745e+01       3.067076e+01     1.270823e-01   2.231088e+00
5.484375e+01  2.000000e+04  3.070281e+01   2.489777e-01     3.045383e+01       3.056549e+01     1.249584e-01   2.232238e+00
5.515625e+01  2.000000e+04  2.990641e+01   2.305498e-01     2.967586e+01       2.977137e+01     1.228881e-01   2.234115e+00
5.546875e+01  2.000000e+04  2.911013e+01   2.156635e-01     2.889447e+01       2.897725e+01     1.209209e-01   2.236628e+00
5.578125e+01  2.000000e+04  2.900276e+01   2.114642e-01     2.879129e+01       2.887198e+01     1.190122e-01   2.239042e+00
5.609375e+01  2.000000e+04  2.899857e+01   2.116668e-01     2.878691e+01       2.886989e+01     1.171067e-01   2.241183e+00
5.640625e+01  2.000000e+04  2.899581e+01   2.131246e-01     2.878269e+01       2.886923e+01     1.151911e-01   2.243048e+00
5.671875e+01  2.000000e+04  2.896751e+01   2.129556e-01     2.875456e+01       2.884305e+01     1.132638e-01   2.244729e+00
5.703125e+01  2.000000e+04  2.851205e+01   2.030510e-01     2.830900e+01       2.838968e+01     1.113569e-01   2.246818e+00
5.734375e+01  2.000000e+04  2.750189e+01   1.882269e-01     2.731366e+01       2.738152e+01     1.095314e-01   2.249872e+00
5.765625e+01  2.000000e+04  2.719703e+01   1.827743e-01     2.701426e+01       2.707858e+01     1.077864e-01   2.253043e+00
5.796875e+01  2.000000e+04  2.718350e+01   1.821590e-01     2.700134e+01       2.706695e+01     1.060571e-01   2.255932e+00
5.828125e+01  2.000000e+04  2.718105e+01   1.829129e-01     2.699814e+01       2.706641e+01     1.043206e-01   2.258495e+00
5.859375e+01  2.000000e+04  2.717864e+01   1.839401e-01     2.699470e+01       2.706592e+01     1.025733e-01   2.260747e+00
5.890625e+01  2.000000e+04  2.717621e+01   1.849852e-01     2.699122e+01       2.706542e+01     1.008149e-01   2.262710e+00
5.921875e+01  2.000000e+04  2.717377e+01   1.859819e-01     2.698779e+01       2.706493e+01     9.904622e-02   2.264411e+00
5.953125e+01  2.000000e+04  2.717132e+01   1.869177e-01     2.698440e+01       2.706443e+01     9.726830e-02   2.265876e+00
5.984375e+01  2.000000e+04  2.716886e+01   1.878020e-01     2.698106e+01       2.706394e+01     9.548209e-02   2.267128e+00
6.015625e+01  2.000000e+04  2.716639e+01   1.886588e-01     2.697774e+01       2.706344e+01     9.368847e-02   2.268189e+00
6.046875e+01  2.000000e+04  2.716392e+01   1.895292e-01     2.697439e+01       2.706294e+01     9.188817e-02   2.269080e+00
6.078125e+01  2.000000e+04  2.716144e+01   1.904827e-01     2.697096e+01       2.706245e+01     9.008160e-02   2.269820e+00
6.109375e+01  2.000000e+04  2.715895e+01   1.916475e-01     2.696730e+01       2.706195e+01     8.826879e-02   2.270426e+00
6.140625e+01  2.000000e+04  2.715630e+01   1.931273e-01     2.696317e+01       2.706130e+01     8.644904e-02   2.270919e+00
6.171875e+01  2.000000e+04  2.712811e+01   1.926740e-01     2.693544e+01       2.703512e+01     8.462301e-02   2.271387e+00
6.203125e+01  2.000000e+04  2.667277e+01   1.820284e-01     2.649074e+01       2.658175e+01     8.282355e-02   2.272388e+00
6.234375e+01  2.000000e+04  2.566268e+01   1.665278e-01     2.549616e+01       2.557355e+01     8.111104e-02   2.274441e+00
6.265625e+01  2.000000e+04  2.534682e+01   1.604396e-01     2.518638e+01       2.525947e+01     7.948132e-02   2.276757e+00
6.296875e+01  2.000000e+04  2.503099e+01   1.533146e-01     2.487767e+01       2.494540e+01     7.788531e-02   2.279346e+00
6.328125e+01  2.000000e+04  2.402109e+01   1.411942e-01     2.387990e+01       2.393719e+01     7.635232e-02   2.282882e+00
6.359375e+01  2.000000e+04  2.356171e+01   1.370305e-01     2.342468e+01       2.347941e+01     7.489224e-02   2.286723e+00
6.390625e+01  2.000000e+04  2.334819e+01   1.318236e-01     2.321637e+01       2.326747e+01     7.345738e-02   2.290659e+00
6.421875e+01  2.000000e+04  2.241535e+01   1.150874e-01     2.230026e+01       2.233614e+01     7.208215e-02   2.295484e+00
6.453125e+01  2.000000e+04  2.178744e+01   1.046145e-01     2.168283e+01       2.170964e+01     7.080339e-02   2.300737e+00
6.484375e+01  2.000000e+04  2.162660e+01   1.006072e-01     2.152599e+01       2.155016e+01     6.956613e-02   2.305860e+00
6.515625e+01  2.000000e+04  2.083063e+01   9.259091e-02     2.073804e+01       2.075551e+01     6.836212e-02   2.311538e+00
6.546875e+01  2.000000e+04  2.003527e+01   8.609561e-02     1.994917e+01       1.996139e+01     6.722539e-02   2.317730e+00
6.578125e+01  2.000000e+04  1.992879e+01   8.395220e-02     1.984484e+01       1.985612e+01     6.613202e-02   2.323666e+00
6.609375e+01  2.000000e+04  1.992550e+01   8.378611e-02     1.984171e+01       1.985403e+01     6.504274e-02   2.329152e+00
6.640625e+01  2.000000e+04  1.992380e+01   8.437349e-02     1.983942e+01       1.985353e+01     6.394479e-02   2.334162e+00
6.671875e+01  2.000000e+04  1.992208e+01   8.523364e-02     1.983685e+01       1.985303e+01     6.283436e-02   2.338707e+00
6.703125e+01  2.000000e+04  1.992035e+01   8.618212e-02     1.983417e+01       1.985254e+01     6.171040e-02   2.342810e+00
6.734375e+01  2.000000e+04  1.991860e+01   8.713636e-02     1.983147e+01       1.985204e+01     6.057303e-02   2.346498e+00
6.765625e+01  2.000000e+04  1.991684e+01   8.805647e-02     1.982879e+01       1.985154e+01     5.942285e-02   2.349803e+00
6.796875e+01  2.000000e+04  1.991507e+01   8.892313e-02     1.982615e+01       1.985105e+01     5.826074e-02   2.352753e+00
6.828125e+01  2.000000e+04  1.991329e+01   8.972784e-02     1.982356e+01       1.985055e+01     5.708766e-02   2.355379e+00
6.859375e+01  2.000000e+04  1.991149e+01   9.046827e-02     1.982102e+01       1.985006e+01     5.590462e-02   2.357707e+00
6.890625e+01  2.000000e+04  1.990969e+01   9.114566e-02     1.981854e+01       1.984956e+01     5.471260e-02   2.359765e+00
6.921875e+01  2.000000e+04  1.990787e+01   9.176352e-02     1.981611e+01       1.984907e+01     5.351254e-02   2.361577e+00
6.953125e+01  2.000000e+04  1.990605e+01   9.232686e-02     1.981372e+01       1.984857e+01     5.230532e-02   2.363168e+00
6.984375e+01  2.000000e+04  1.990422e+01   9.284181e-02     1.981138e+01       1.984808e+01     5.109177e-02   2.364557e+00
7.015625e+01  2.000000e+04  1.990239e+01   9.331559e-02     1.980907e+01       1.984758e+01     4.987261e-02   2.365765e+00
7.046875e+01  2.000000e+04  1.990054e+01   9.375674e-02     1.980679e+01       1.984708e+01     4.864851e-02   2.366810e+00
7.078125e+01  2.000000e+04  1.989870e+01   9.417599e-02     1.980452e+01       1.984659e+01     4.742004e-02   2.367710e+00
7.109375e+01  2.000000e+04  1.989685e+01   9.458818e-02     1.980226e+01       1.984609e+01     4.618765e-02   2.368478e+00
7.140625e+01  2.000000e+04  1.989499e+01   9.501707e-02     1.979998e+01       1.984560e+01     4.495168e-02   2.369129e+00
7.171875e+01  2.000000e+04  1.989314e+01   9.550773e-02     1.979763e+01       1.984510e+01     4.371225e-02   2.369675e+00
7.203125e+01  2.000000e+04  1.989128e+01   9.615981e-02     1.979512e+01       1.984461e+01     4.246910e-02   2.370128e+00
7.234375e+01  2.000000e+04  1.988937e+01   9.716620e-02     1.979220e+01       1.984407e+01     4.122114e-02   2.370499e+00
7.265625e+01  2.000000e+04  1.987636e+01   9.771751e-02     1.977864e+01       1.983244e+01     3.996661e-02   2.370845e+00
7.296875e+01  2.000000e+04  1.957205e+01   9.251840e-02     1.947953e+01       1.952950e+01     3.872358e-02   2.371647e+00
7.328125e+01  2.000000e+04  1.856259e+01   8.128774e-02     1.848130e+01       1.852133e+01     3.754581e-02   2.373752e+00
7.359375e+01  2.000000e+04  1.810361e+01   7.671058e-02     1.802690e+01       1.806355e+01     3.645066e-02   2.376391e+00
7.390625e+01  2.000000e+04  1.789050e+01   7.209973e-02     1.781840e+01       1.785161e+01     3.539078e-02   2.379331e+00
7.421875e+01  2.000000e+04  1.695807e+01   6.127405e-02     1.689680e+01       1.692028e+01     3.439114e-02   2.383538e+00
7.453125e+01  2.000000e+04  1.633217e+01   5.563057e-02     1.627654e+01       1.629537e+01     3.348075e-02   2.388415e+00
7.484375e+01  2.000000e+04  1.627651e+01   5.404261e-02     1.622246e+01       1.624067e+01     3.261002e-02   2.393106e+00
7.515625e+01  2.000000e+04  1.627453e+01   5.387554e-02     1.622066e+01       1.623965e+01     3.174358e-02   2.397449e+00
7.546875e+01  2.000000e+04  1.627308e+01   5.419181e-02     1.621889e+01       1.623915e+01     3.087183e-02   2.401425e+00
7.578125e+01  2.000000e+04  1.627162e+01   5.467918e-02     1.621694e+01       1.623866e+01     2.999202e-02   2.405043e+00
7.609375e+01  2.000000e+04  1.627014e+01   5.522845e-02     1.621492e+01       1.623816e+01     2.910338e-02   2.408320e+00
7.640625e+01  2.000000e+04  1.626866e+01   5.579696e-02     1.621287e+01       1.623767e+01     2.820589e-02   2.411280e+00
7.671875e+01  2.000000e+04  1.626717e+01   5.637083e-02     1.621080e+01       1.623717e+01     2.729981e-02   2.413943e+00
7.703125e+01  2.000000e+04  1.626567e+01   5.695342e-02     1.620872e+01       1.623668e+01     2.638548e-02   2.416334e+00
7.734375e+01  2.000000e+04  1.626416e+01   5.756409e-02     1.620660e+01       1.623618e+01     2.546319e-02   2.418475e+00
7.765625e+01  2.000000e+04  1.626264e+01   5.824627e-02     1.620440e+01       1.623568e+01     2.453300e-02   2.420386e+00
7.796875e+01  2.000000e+04  1.626112e+01   5.909369e-02     1.620202e+01       1.623519e+01     2.359454e-02   2.422087e+00
7.828125e+01  2.000000e+04  1.625957e+01   6.030995e-02     1.619926e+01       1.623468e+01     2.264652e-02   2.423597e+00
7.859375e+01  2.000000e+04  1.625361e+01   6.171625e-02     1.619189e+01       1.622978e+01     2.168605e-02   2.424962e+00
7.890625e+01  2.000000e+04  1.606629e+01   5.974942e-02     1.600655e+01       1.604352e+01     2.072132e-02   2.426577e+00
7.921875e+01  2.000000e+04  1.513411e+01   5.106202e-02     1.508304e+01       1.511235e+01     1.980137e-02   2.429563e+00
7.953125e+01  2.000000e+04  1.450668e+01   4.706638e-02     1.445961e+01       1.448585e+01     1.895966e-02   2.433352e+00
7.984375e+01  2.000000e+04  1.434631e+01   4.475379e-02     1.430156e+01       1.432637e+01     1.815355e-02   2.437356e+00
8.015625e+01  2.000000e+04  1.355083e+01   3.778027e-02     1.351305e+01       1.353172e+01     1.739049e-02   2.442664e+00
8.046875e+01  2.000000e+04  1.275595e+01   3.368490e-02     1.272227e+01       1.273760e+01     1.670163e-02   2.449062e+00
8.078125e+01  2.000000e+04  1.264997e+01   3.290627e-02     1.261706e+01       1.263233e+01     1.605675e-02   2.455368e+00
8.109375e+01  2.000000e+04  1.264718e+01   3.332282e-02     1.261386e+01       1.263024e+01     1.541778e-02   2.461317e+00
8.140625e+01  2.000000e+04  1.264565e+01   3.470009e-02     1.261095e+01       1.262942e+01     1.476934e-02   2.466866e+00
8.171875e+01  2.000000e+04  1.259305e+01   3.526887e-02     1.255778e+01       1.257755e+01     1.410314e-02   2.472188e+00
8.203125e+01  2.000000e+04  1.168611e+01   2.793019e-02     1.165818e+01       1.167132e+01     1.346039e-02   2.478884e+00
8.234375e+01  2.000000e+04  9.669694e+00   1.774868e-02     9.651945e+00       9.655499e+00     1.291718e-02   2.488495e+00
8.265625e+01  2.000000e+04  9.063834e+00   1.509581e-02     9.048738e+00       9.050112e+00     1.248673e-02   2.498752e+00
8.296875e+01  2.000000e+04  9.040632e+00   1.427193e-02     9.026360e+00       9.027346e+00     1.209040e-02   2.508695e+00
8.328125e+01  2.000000e+04  9.039622e+00   1.406335e-02     9.025559e+00       9.026764e+00     1.170133e-02   2.518178e+00
8.359375e+01  2.000000e+04  9.038697e+00   1.412233e-02     9.024575e+00       9.026268e+00     1.131042e-02   2.527163e+00
8.390625e+01  2.000000e+04  9.037766e+00   1.430682e-02     9.023459e+00       9.025772e+00     1.091415e-02   2.535639e+00
8.421875e+01  2.000000e+04  9.036827e+00   1.456303e-02     9.022264e+00       9.025277e+00     1.051093e-02   2.543611e+00
8.453125e+01  2.000000e+04  9.035880e+00   1.487824e-02     9.021002e+00       9.024781e+00     1.009985e-02   2.551090e+00
8.484375e+01  2.000000e+04  9.034923e+00   1.527592e-02     9.019647e+00       9.024286e+00     9.680166e-03   2.558091e+00
8.515625e+01  2.000000e+04  9.033955e+00   1.585149e-02     9.018104e+00       9.023789e+00     9.250714e-03   2.564629e+00
8.546875e+01  2.000000e+04  9.032448e+00   1.678862e-02     9.015659e+00       9.022768e+00     8.808792e-03   2.570730e+00
8.578125e+01  2.000000e+04  8.977244e+00   1.716315e-02     8.960081e+00       8.968066e+00     8.351751e-03   2.576610e+00
8.609375e+01  2.000000e+04  8.351850e+00   1.363521e-02     8.338214e+00       8.343161e+00     7.907099e-03   2.583635e+00
8.640625e+01  2.000000e+04  7.420238e+00   1.068852e-02     7.409550e+00       7.411986e+00     7.509831e-03   2.592263e+00
8.671875e+01  2.000000e+04  7.233596e+00   1.059973e-02     7.222996e+00       7.225734e+00     7.154652e-03   2.600944e+00
8.703125e+01  2.000000e+04  7.228306e+00   1.111054e-02     7.217196e+00       7.220827e+00     6.806251e-03   2.609265e+00
8.734375e+01  2.000000e+04  7.227319e+00   1.243568e-02     7.214883e+00       7.220234e+00     6.447294e-03   2.617175e+00
8.765625e+01  2.000000e+04  7.204128e+00   1.433151e-02     7.189797e+00       7.197468e+00     6.061265e-03   2.624794e+00
8.796875e+01  2.000000e+04  6.598305e+00   1.224896e-02     6.586056e+00       6.592081e+00     5.663920e-03   2.633905e+00
8.828125e+01  2.000000e+04  4.582109e+00   4.545338e-03     4.577564e+00       4.576262e+00     5.320315e-03   2.647850e+00
8.859375e+01  2.000000e+04  3.675624e+00   2.960953e-03     3.672663e+00       3.670027e+00     5.092737e-03   2.663840e+00
8.890625e+01  2.000000e+04  3.623565e+00   2.646170e-03     3.620918e+00       3.618159e+00     4.919293e-03   2.679757e+00
8.921875e+01  2.000000e+04  3.622591e+00   2.417027e-03     3.620174e+00       3.617347e+00     4.771811e-03   2.695360e+00
8.953125e+01  2.000000e+04  3.621944e+00   2.295381e-03     3.619648e+00       3.616851e+00     4.634275e-03   2.710562e+00
8.984375e+01  2.000000e+04  3.621300e+00   2.260129e-03     3.619040e+00       3.616356e+00     4.499547e-03   2.725304e+00
9.015625e+01  2.000000e+04  3.620656e+00   2.282726e-03     3.618373e+00       3.615860e+00     4.363980e-03   2.739555e+00
9.046875e+01  2.000000e+04  3.620008e+00   2.346658e-03     3.617661e+00       3.615364e+00     4.225449e-03   2.753303e+00
9.078125e+01  2.000000e+04  3.619355e+00   2.445268e-03     3.616910e+00       3.614869e+00     4.082536e-03   2.766545e+00
9.109375e+01  2.000000e+04  3.618696e+00   2.580278e-03     3.616116e+00       3.614373e+00     3.934120e-03   2.779292e+00
9.140625e+01  2.000000e+04  3.618030e+00   2.763714e-03     3.615267e+00       3.613877e+00     3.779080e-03   2.791559e+00
9.171875e+01  2.000000e+04  3.617355e+00   3.026751e-03     3.614329e+00       3.613382e+00     3.615985e-03   2.803370e+00
9.203125e+01  2.000000e+04  3.616669e+00   3.449685e-03     3.613220e+00       3.612886e+00     3.442556e-03   2.814755e+00
9.234375e+01  2.000000e+04  3.615924e+00   4.254109e-03     3.611670e+00       3.612347e+00     3.254392e-03   2.825754e+00
9.265625e+01  2.000000e+04  3.604060e+00   5.479901e-03     3.598580e+00       3.600716e+00     3.042488e-03   2.836513e+00
9.296875e+01  2.000000e+04  3.300866e+00   5.019564e-03     3.295847e+00       3.297775e+00     2.812722e-03   2.848365e+00
9.328125e+01  2.000000e+04  2.292468e+00   1.308725e-03     2.291159e+00       2.289618e+00     2.593251e-03   2.863790e+00
9.359375e+01  2.000000e+04  1.838920e+00   8.560057e-04     1.838064e+00       1.836253e+00     2.427206e-03   2.880898e+00
9.390625e+01  2.000000e+04  1.812588e+00   1.179859e-03     1.811408e+00       1.810071e+00     2.290452e-03   2.898049e+00
9.421875e+01  2.000000e+04  1.811804e+00   1.333208e-03     1.810471e+00       1.809417e+00     2.172014e-03   2.915067e+00
9.453125e+01  2.000000e+04  1.811186e+00   1.410445e-03     1.809776e+00       1.808921e+00     2.060892e-03   2.931930e+00
9.484375e+01  2.000000e+04  1.810571e+00   1.483747e-03     1.809087e+00       1.808426e+00     1.951983e-03   2.948627e+00
9.515625e+01  2.000000e+04  1.809955e+00   1.568770e-03     1.808386e+00       1.807930e+00     1.842647e-03   2.965156e+00
9.546875e+01  2.000000e+04  1.809337e+00   1.670165e-03     1.807667e+00       1.807434e+00     1.731256e-03   2.981523e+00
9.578125e+01  2.000000e+04  1.808715e+00   1.791629e-03     1.806924e+00       1.806939e+00     1.616639e-03   2.997743e+00
9.609375e+01  2.000000e+04  1.808089e+00   1.939392e-03     1.806150e+00       1.806443e+00     1.497811e-03   3.013837e+00
9.640625e+01  2.000000e+04  1.807457e+00   2.126563e-03     1.805331e+00       1.805947e+00     1.373767e-03   3.029836e+00
9.671875e+01  2.000000e+04  1.806818e+00   2.383985e-03     1.804434e+00       1.805452e+00     1.243223e-03   3.045775e+00
9.703125e+01  2.000000e+04  1.806170e+00   2.793863e-03     1.803376e+00       1.804956e+00     1.104086e-03   3.061698e+00
9.734375e+01  2.000000e+04  1.805464e+00   3.590470e-03     1.801873e+00       1.804417e+00     9.520873e-04   3.077660e+00
9.765625e+01  2.000000e+04  1.793641e+00   4.813568e-03     1.788828e+00       1.792786e+00     7.780796e-04   3.093828e+00
9.796875e+01  2.000000e+04  1.490492e+00   4.192050e-03     1.486300e+00       1.489845e+00     5.888180e-04   3.111646e+00
9.828125e+01  2.000000e+04  4.821428e-01   5.161657e-05     4.820912e-01       4.816881e-01     4.138509e-04   3.133703e+00
9.859375e+01  2.000000e+04  2.864942e-02   -4.711628e-04    2.912058e-02       2.832270e-02     2.973173e-04   3.157970e+00
9.890625e+01  2.000000e+04  2.374619e-03   -1.452699e-04    2.519888e-03       2.140658e-03     2.129044e-04   3.182692e+00
9.921875e+01  2.000000e+04  1.650950e-03   -2.348555e-05    1.674436e-03       1.486969e-03     1.492230e-04   3.207689e+00
9.953125e+01  2.000000e+04  1.095924e-03   -4.392549e-07    1.096363e-03       9.912500e-04     9.525352e-05   3.232950e+00
9.984375e+01  2.000000e+04  5.464697e-04   1.821060e-06     5.446487e-04       4.956250e-04     4.626872e-05   3.258476e+00
