#Xaxis_A5  YlengthA5  discharge_A5  dischargeEFF_A5  dischargeINEFF_A5  rech_Moulins_A5  rech_meltR_A5  P_A5
0.15625    20000      -0            -0               -0                 90               1.14136        0.0675508
0.46875    20000      90.973        5.21373          85.7593            89.7188          1.14135        0.182179
0.78125    20000      90.6917       0.689367         90.0023            89.4375          1.14133        0.293553
1.09375    20000      90.4104       0.225466         90.185             89.1562          1.14131        0.401942
1.40625    20000      90.1292       0.116665         90.0125            88.875           1.14128        0.507562
1.71875    20000      89.8479       0.0805742        89.7673            88.5938          1.14125        0.6106
2.03125    20000      89.5666       0.0682805        89.4983            88.3125          1.14121        0.71121
2.34375    20000      89.2853       0.0674474        89.2178            88.0312          1.14115        0.809516
2.65625    20000      89.0039       0.0747828        88.9291            87.75            1.14108        0.905605
2.96875    20000      88.7226       0.0902514        88.6323            87.4688          1.14097        0.999524
3.28125    20000      88.4411       0.115562         88.3256            87.1875          1.14081        1.09127
3.59375    20000      88.1596       0.15375          88.0059            86.9062          1.14057        1.18075
3.90625    20000      87.878        0.209035         87.6689            86.625           1.14021        1.26782
4.21875    20000      87.5962       0.286649         87.3095            86.3438          1.13969        1.35221
4.53125    20000      87.3141       0.392444         86.9216            86.0625          1.13892        1.43351
4.84375    20000      87.0316       0.532107         86.4995            85.7812          1.13781        1.5112
5.15625    20000      86.7486       0.709959         86.0387            85.5             1.13625        1.58466
5.46875    20000      86.465        0.927454         85.5376            85.2188          1.13411        1.65315
5.78125    20000      86.1806       1.18178          84.9989            84.9375          1.13126        1.71597
6.09375    20000      85.8954       1.46512          84.4302            84.6562          1.12758        1.77252
6.40625    20000      85.609        1.76521          83.8438            84.375           1.12298        1.82238
6.71875    20000      85.3217       2.06702          83.2546            84.0938          1.11739        1.86541
7.03125    20000      85.0332       2.35541          82.6778            83.8125          1.11083        1.90175
7.34375    20000      84.7437       2.61757          82.1261            83.5312          1.10335        1.93183
7.65625    20000      84.4533       2.8447           81.6086            83.25            1.09502        1.95623
7.96875    20000      84.1621       3.03246          81.1297            82.9688          1.08597        1.97569
8.28125    20000      83.8703       3.18046          80.6898            82.6875          1.07631        1.99095
8.59375    20000      83.5779       3.29121          80.2867            82.4062          1.06618        2.00272
8.90625    20000      83.2851       3.36893          79.9162            82.125           1.05569        2.01166
9.21875    20000      82.992        3.41856          79.5735            81.8438          1.04494        2.01834
9.53125    20000      82.6988       3.4451           79.2537            81.5625          1.03402        2.02323
9.84375    20000      82.4054       3.45311          78.9523            81.2812          1.023          2.02671
10.1562    20000      82.112        3.44659          78.6654            81               1.01192        2.02911
10.4688    20000      81.8186       3.42888          78.3897            80.7188          1.00085        2.03067
10.7812    20000      81.5252       3.40269          78.1225            80.4375          0.989807       2.03159
11.0938    20000      81.2319       3.37019          77.8617            80.1562          0.978821       2.03203
11.4062    20000      80.9386       3.33308          77.6056            79.875           0.967912       2.03211
11.7188    20000      80.6455       3.2927           77.3528            79.5938          0.957094       2.03191
12.0312    20000      80.3525       3.25006          77.1024            79.3125          0.946378       2.03151
12.3438    20000      80.0596       3.20593          76.8536            79.0312          0.93577        2.03097
12.6562    20000      79.7668       3.16093          76.6059            78.75            0.925275       2.03033
12.9688    20000      79.4741       3.11548          76.3587            78.4688          0.914898       2.02962
13.2812    20000      79.1816       3.06992          76.1117            78.1875          0.904638       2.02886
13.5938    20000      78.8892       3.02452          75.8647            77.9062          0.894497       2.02808
13.9062    20000      78.597        2.97943          75.6175            77.625           0.884475       2.0273
14.2188    20000      78.3048       2.93482          75.37              77.3438          0.874572       2.02651
14.5312    20000      78.0128       2.89076          75.1221            77.0625          0.864785       2.02574
14.8438    20000      77.7209       2.84732          74.8736            76.7812          0.855115       2.02498
15.1562    20000      77.4292       2.80456          74.6246            76.5             0.845559       2.02424
15.4688    20000      77.1376       2.7625           74.3751            76.2188          0.836116       2.02353
15.7812    20000      76.8461       2.72115          74.1249            75.9375          0.826783       2.02285
16.0938    20000      76.5547       2.68052          73.8741            75.6562          0.817559       2.02219
16.4062    20000      76.2634       2.64062          73.6228            75.375           0.808443       2.02157
16.7188    20000      75.9722       2.60144          73.3708            75.0938          0.799432       2.02098
17.0312    20000      75.6812       2.56297          73.1182            74.8125          0.790524       2.02042
17.3438    20000      75.3903       2.5252           72.8651            74.5312          0.781718       2.01989
17.6562    20000      75.0995       2.48812          72.6113            74.25            0.773011       2.0194
17.9688    20000      74.8088       2.45171          72.357             73.9688          0.764403       2.01894
18.2812    20000      74.5181       2.41595          72.1022            73.6875          0.75589        2.01851
18.5938    20000      74.2276       2.38084          71.8468            73.4062          0.747472       2.01811
18.9062    20000      73.9372       2.34636          71.5909            73.125           0.739147       2.01774
19.2188    20000      73.647        2.31249          71.3345            72.8438          0.730913       2.0174
19.5312    20000      73.3568       2.27921          71.0775            72.5625          0.722769       2.0171
19.8438    20000      73.0666       2.24651          70.8201            72.2812          0.714712       2.01682
20.1562    20000      72.7766       2.21438          70.5623            72               0.706742       2.01657
20.4688    20000      72.4867       2.18279          70.3039            71.7188          0.698857       2.01636
20.7812    20000      72.1969       2.15175          70.0452            71.4375          0.691056       2.01616
21.0938    20000      71.9072       2.12122          69.7859            71.1562          0.683337       2.016
21.4062    20000      71.6175       2.09121          69.5263            70.875           0.6757         2.01587
21.7188    20000      71.328        2.06169          69.2663            70.5938          0.668141       2.01576
22.0312    20000      71.0385       2.03265          69.0059            70.3125          0.660661       2.01568
22.3438    20000      70.7491       2.00409          68.745             70.0312          0.653259       2.01562
22.6562    20000      70.4598       1.97598          68.4838            69.75            0.645932       2.01559
22.9688    20000      70.1706       1.94832          68.2223            69.4688          0.63868        2.01559
23.2812    20000      69.8815       1.9211           67.9604            69.1875          0.631502       2.01561
23.5938    20000      69.5924       1.89431          67.6981            68.9062          0.624396       2.01565
23.9062    20000      69.3034       1.86793          67.4355            68.625           0.617362       2.01572
24.2188    20000      69.0145       1.84196          67.1726            68.3438          0.610399       2.01581
24.5312    20000      68.7257       1.81639          66.9093            68.0625          0.603505       2.01592
24.8438    20000      68.4369       1.79121          66.6457            67.7812          0.596679       2.01606
25.1562    20000      68.1483       1.7664           66.3819            67.5             0.589921       2.01622
25.4688    20000      67.8597       1.74197          66.1177            67.2188          0.58323        2.0164
25.7812    20000      67.5711       1.71789          65.8532            66.9375          0.576604       2.01661
26.0938    20000      67.2827       1.69417          65.5885            66.6562          0.570043       2.01683
26.4062    20000      66.9943       1.6708           65.3235            66.375           0.563546       2.01708
26.7188    20000      66.706        1.64777          65.0582            66.0938          0.557112       2.01735
27.0312    20000      66.4177       1.62507          64.7926            65.8125          0.55074        2.01764
27.3438    20000      66.1295       1.60269          64.5268            65.5312          0.54443        2.01795
27.6562    20000      65.8414       1.58064          64.2608            65.25            0.538181       2.01828
27.9688    20000      65.5534       1.55889          63.9945            64.9688          0.531991       2.01863
28.2812    20000      65.2654       1.53745          63.7279            64.6875          0.525861       2.019
28.5938    20000      64.9774       1.51631          63.4611            64.4062          0.519789       2.01939
28.9062    20000      64.6896       1.49546          63.1941            64.125           0.513774       2.0198
29.2188    20000      64.4018       1.4749           62.9269            63.8438          0.507817       2.02022
29.5312    20000      64.1141       1.45462          62.6594            63.5625          0.501916       2.02067
29.8438    20000      63.8264       1.43461          62.3918            63.2812          0.496071       2.02114
30.1562    20000      63.5388       1.41488          62.1239            63               0.490281       2.02162
30.4688    20000      63.2512       1.39542          61.8558            62.7188          0.484545       2.02213
30.7812    20000      62.9637       1.37621          61.5875            62.4375          0.478863       2.02265
31.0938    20000      62.6763       1.35726          61.319             62.1562          0.473234       2.02319
31.4062    20000      62.3889       1.33856          61.0503            61.875           0.467658       2.02375
31.7188    20000      62.1016       1.32011          60.7815            61.5938          0.462133       2.02432
32.0312    20000      61.8143       1.3019           60.5124            61.3125          0.45666        2.02492
32.3438    20000      61.5271       1.28393          60.2432            61.0312          0.451238       2.02553
32.6562    20000      61.24         1.26619          59.9738            60.75            0.445866       2.02616
32.9688    20000      60.9529       1.24868          59.7042            60.4688          0.440544       2.0268
33.2812    20000      60.6658       1.2314           59.4344            60.1875          0.435271       2.02747
33.5938    20000      60.3788       1.21434          59.1645            59.9062          0.430046       2.02815
33.9062    20000      60.0919       1.19749          58.8944            59.625           0.42487        2.02885
34.2188    20000      59.805        1.18087          58.6241            59.3438          0.419741       2.02956
34.5312    20000      59.5182       1.16445          58.3537            59.0625          0.41466        2.03029
34.8438    20000      59.2314       1.14824          58.0831            58.7812          0.409626       2.03104
35.1562    20000      58.9447       1.13223          57.8124            58.5             0.404637       2.03181
35.4688    20000      58.658        1.11643          57.5415            58.2188          0.399695       2.03259
35.7812    20000      58.3713       1.10082          57.2705            57.9375          0.394797       2.03339
36.0938    20000      58.0848       1.08541          56.9994            57.6562          0.389945       2.03421
36.4062    20000      57.7982       1.07019          56.728             57.375           0.385137       2.03504
36.7188    20000      57.5117       1.05515          56.4566            57.0938          0.380373       2.03589
37.0312    20000      57.2253       1.0403           56.185             56.8125          0.375653       2.03675
37.3438    20000      56.9389       1.02564          55.9133            56.5312          0.370976       2.03763
37.6562    20000      56.6526       1.01115          55.6414            56.25            0.366342       2.03853
37.9688    20000      56.3663       0.996844         55.3694            55.9688          0.36175        2.03944
38.2812    20000      56.08         0.98271          55.0973            55.6875          0.3572         2.04037
38.5938    20000      55.7938       0.968748         54.8251            55.4062          0.352692       2.04132
38.9062    20000      55.5077       0.954955         54.5527            55.125           0.348225       2.04228
39.2188    20000      55.2216       0.941329         54.2802            54.8438          0.343799       2.04326
39.5312    20000      54.9355       0.927868         54.0076            54.5625          0.339413       2.04425
39.8438    20000      54.6495       0.914569         53.7349            54.2812          0.335068       2.04526
40.1562    20000      54.3635       0.90143          53.462             54               0.330762       2.04629
40.4688    20000      54.0775       0.888448         53.1891            53.7188          0.326496       2.04733
40.7812    20000      53.7916       0.875622         52.916             53.4375          0.322269       2.04839
41.0938    20000      53.5058       0.86295          52.6428            53.1562          0.318081       2.04946
41.4062    20000      53.22         0.850428         52.3696            52.875           0.313931       2.05055
41.7188    20000      52.9342       0.838056         52.0962            52.5938          0.30982        2.05166
42.0312    20000      52.6485       0.82583          51.8227            52.3125          0.305746       2.05278
42.3438    20000      52.3628       0.81375          51.549             52.0312          0.301709       2.05392
42.6562    20000      52.0772       0.801813         51.2753            51.75            0.29771        2.05507
42.9688    20000      51.7916       0.790018         51.0015            51.4688          0.293748       2.05624
43.2812    20000      51.506        0.778362         50.7276            51.1875          0.289822       2.05743
43.5938    20000      51.2205       0.766844         50.4536            50.9062          0.285933       2.05863
43.9062    20000      50.935        0.755461         50.1795            50.625           0.28208        2.05985
44.2188    20000      50.6495       0.744213         49.9053            50.3438          0.278262       2.06108
44.5312    20000      50.3641       0.733098         49.631             50.0625          0.27448        2.06233
44.8438    20000      50.0788       0.722113         49.3566            49.7812          0.270733       2.0636
45.1562    20000      49.7934       0.711258         49.0822            49.5             0.267021       2.06488
45.4688    20000      49.5081       0.70053          48.8076            49.2188          0.263343       2.06618
45.7812    20000      49.2229       0.689928         48.533             48.9375          0.2597         2.0675
46.0938    20000      48.9377       0.679451         48.2582            48.6562          0.256091       2.06883
46.4062    20000      48.6525       0.669097         47.9834            48.375           0.252516       2.07017
46.7188    20000      48.3673       0.658864         47.7085            48.0938          0.248975       2.07154
47.0312    20000      48.0822       0.648751         47.4335            47.8125          0.245466       2.07292
47.3438    20000      47.7972       0.638758         47.1584            47.5312          0.241991       2.07432
47.6562    20000      47.5121       0.628881         46.8833            47.25            0.238549       2.07573
47.9688    20000      47.2271       0.61912          46.608             46.9688          0.235139       2.07716
48.2812    20000      46.9422       0.609474         46.3327            46.6875          0.231762       2.07861
48.5938    20000      46.6573       0.599941         46.0573            46.4062          0.228417       2.08007
48.9062    20000      46.3724       0.590521         45.7818            46.125           0.225104       2.08155
49.2188    20000      46.0875       0.58121          45.5063            45.8438          0.221822       2.08305
49.5312    20000      45.8027       0.57201          45.2307            45.5625          0.218572       2.08456
49.8438    20000      45.5179       0.562917         44.955             45.2812          0.215354       2.08609
50.1562    20000      45.2331       0.553932         44.6792            45               0.212166       2.08764
50.4688    20000      44.9484       0.545052         44.4034            44.7188          0.209009       2.08921
50.7812    20000      44.6637       0.536277         44.1275            44.4375          0.205883       2.09079
51.0938    20000      44.3791       0.527606         43.8515            44.1562          0.202787       2.09239
51.4062    20000      44.0945       0.519037         43.5754            43.875           0.199721       2.09401
51.7188    20000      43.8099       0.510569         43.2993            43.5938          0.196686       2.09564
52.0312    20000      43.5253       0.502201         43.0231            43.3125          0.19368        2.0973
52.3438    20000      43.2408       0.493933         42.7469            43.0312          0.190704       2.09897
52.6562    20000      42.9563       0.485763         42.4706            42.75            0.187757       2.10066
52.9688    20000      42.6719       0.47769          42.1942            42.4688          0.184839       2.10236
53.2812    20000      42.3874       0.469713         41.9177            42.1875          0.18195        2.10409
53.5938    20000      42.1031       0.461831         41.6412            41.9062          0.179091       2.10583
53.9062    20000      41.8187       0.454044         41.3646            41.625           0.17626        2.10759
54.2188    20000      41.5344       0.446349         41.088             41.3438          0.173457       2.10937
54.5312    20000      41.2501       0.438747         40.8113            41.0625          0.170683       2.11117
54.8438    20000      40.9658       0.431236         40.5346            40.7812          0.167936       2.11299
55.1562    20000      40.6816       0.423815         40.2577            40.5             0.165218       2.11483
55.4688    20000      40.3974       0.416484         39.9809            40.2188          0.162527       2.11669
55.7812    20000      40.1132       0.409242         39.7039            39.9375          0.159864       2.11856
56.0938    20000      39.829        0.402087         39.4269            39.6562          0.157229       2.12046
56.4062    20000      39.5449       0.395019         39.1499            39.375           0.15462        2.12237
56.7188    20000      39.2608       0.388037         38.8728            39.0938          0.152039       2.1243
57.0312    20000      38.9768       0.381141         38.5956            38.8125          0.149485       2.12626
57.3438    20000      38.6927       0.374328         38.3184            38.5312          0.146957       2.12823
57.6562    20000      38.4087       0.3676           38.0411            38.25            0.144456       2.13023
57.9688    20000      38.1248       0.360954         37.7638            37.9688          0.141982       2.13224
58.2812    20000      37.8408       0.35439          37.4864            37.6875          0.139533       2.13428
58.5938    20000      37.5569       0.347907         37.209             37.4062          0.137111       2.13634
58.9062    20000      37.273        0.341505         36.9315            37.125           0.134715       2.13841
59.2188    20000      36.9892       0.335182         36.654             36.8438          0.132345       2.14051
59.5312    20000      36.7054       0.328939         36.3764            36.5625          0.13           2.14263
59.8438    20000      36.4216       0.322773         36.0988            36.2812          0.127681       2.14478
60.1562    20000      36.1378       0.316686         35.8211            36               0.125387       2.14694
60.4688    20000      35.854        0.310675         35.5434            35.7188          0.123119       2.14913
60.7812    20000      35.5703       0.30474          35.2656            35.4375          0.120875       2.15134
61.0938    20000      35.2866       0.298881         34.9878            35.1562          0.118657       2.15357
61.4062    20000      35.003        0.293096         34.7099            34.875           0.116463       2.15582
61.7188    20000      34.7193       0.287386         34.432             34.5938          0.114294       2.1581
62.0312    20000      34.4357       0.281749         34.154             34.3125          0.112149       2.1604
62.3438    20000      34.1522       0.276185         33.876             34.0312          0.110029       2.16272
62.6562    20000      33.8686       0.270693         33.5979            33.75            0.107933       2.16507
62.9688    20000      33.5851       0.265273         33.3198            33.4688          0.105861       2.16744
63.2812    20000      33.3016       0.259923         33.0417            33.1875          0.103814       2.16984
63.5938    20000      33.0181       0.254644         32.7635            32.9062          0.10179        2.17226
63.9062    20000      32.7347       0.249435         32.4852            32.625           0.0997894      2.17471
64.2188    20000      32.4512       0.244295         32.2069            32.3438          0.0978128      2.17718
64.5312    20000      32.1678       0.239223         31.9286            32.0625          0.0958597      2.17968
64.8438    20000      31.8845       0.23422          31.6503            31.7812          0.0939299      2.1822
65.1562    20000      31.6011       0.229283         31.3718            31.5             0.0920233      2.18475
65.4688    20000      31.3178       0.224414         31.0934            31.2188          0.0901399      2.18733
65.7812    20000      31.0345       0.219611         30.8149            30.9375          0.0882794      2.18993
66.0938    20000      30.7512       0.214873         30.5364            30.6562          0.0864418      2.19257
66.4062    20000      30.468        0.210201         30.2578            30.375           0.0846269      2.19522
66.7188    20000      30.1848       0.205593         29.9792            30.0938          0.0828347      2.19791
67.0312    20000      29.9016       0.20105          29.7005            29.8125          0.0810649      2.20063
67.3438    20000      29.6184       0.19657          29.4218            29.5312          0.0793175      2.20337
67.6562    20000      29.3353       0.192153         29.1431            29.25            0.0775924      2.20615
67.9688    20000      29.0521       0.187799         28.8643            28.9688          0.0758895      2.20895
68.2812    20000      28.769        0.183507         28.5855            28.6875          0.0742086      2.21178
68.5938    20000      28.486        0.179276         28.3067            28.4062          0.0725496      2.21465
68.9062    20000      28.2029       0.175107         28.0278            28.125           0.0709125      2.21755
69.2188    20000      27.9199       0.170998         27.7489            27.8438          0.069297       2.22047
69.5312    20000      27.6369       0.166949         27.4699            27.5625          0.0677032      2.22343
69.8438    20000      27.3539       0.16296          27.191             27.2812          0.0661308      2.22643
70.1562    20000      27.071        0.15903          26.9119            27               0.0645798      2.22945
70.4688    20000      26.788        0.155159         26.6329            26.7188          0.0630501      2.23251
70.7812    20000      26.5051       0.151346         26.3538            26.4375          0.0615416      2.2356
71.0938    20000      26.2222       0.147591         26.0747            26.1562          0.0600541      2.23873
71.4062    20000      25.9394       0.143893         25.7955            25.875           0.0585876      2.24189
71.7188    20000      25.6565       0.140252         25.5163            25.5938          0.0571419      2.24509
72.0312    20000      25.3737       0.136668         25.2371            25.3125          0.055717       2.24833
72.3438    20000      25.0909       0.13314          24.9578            25.0312          0.0543128      2.2516
72.6562    20000      24.8082       0.129667         24.6785            24.75            0.0529291      2.25491
72.9688    20000      24.5254       0.12625          24.3992            24.4688          0.0515658      2.25826
73.2812    20000      24.2427       0.122887         24.1198            24.1875          0.0502229      2.26165
73.5938    20000      23.96         0.119579         23.8404            23.9062          0.0489002      2.26508
73.9062    20000      23.6773       0.116324         23.561             23.625           0.0475977      2.26855
74.2188    20000      23.3946       0.113124         23.2815            23.3438          0.0463152      2.27206
74.5312    20000      23.112        0.109976         23.002             23.0625          0.0450527      2.27561
74.8438    20000      22.8294       0.106881         22.7225            22.7812          0.0438101      2.2792
75.1562    20000      22.5468       0.103839         22.443             22.5             0.0425872      2.28284
75.4688    20000      22.2642       0.100849         22.1634            22.2188          0.0413839      2.28653
75.7812    20000      21.9817       0.0979101        21.8838            21.9375          0.0402003      2.29025
76.0938    20000      21.6991       0.0950226        21.6041            21.6562          0.0390361      2.29403
76.4062    20000      21.4166       0.0921859        21.3245            21.375           0.0378913      2.29785
76.7188    20000      21.1342       0.0893998        21.0448            21.0938          0.0367658      2.30172
77.0312    20000      20.8517       0.0866638        20.765             20.8125          0.0356595      2.30564
77.3438    20000      20.5692       0.0839776        20.4853            20.5312          0.0345722      2.30962
77.6562    20000      20.2868       0.0813408        20.2055            20.25            0.033504       2.31364
77.9688    20000      20.0044       0.078753         19.9257            19.9688          0.0324548      2.31771
78.2812    20000      19.722        0.0762139        19.6458            19.6875          0.0314243      2.32184
78.5938    20000      19.4397       0.0737232        19.3659            19.4062          0.0304126      2.32603
78.9062    20000      19.1573       0.0712805        19.086             19.125           0.0294195      2.33027
79.2188    20000      18.875        0.0688854        18.8061            18.8438          0.028445       2.33457
79.5312    20000      18.5927       0.0665376        18.5262            18.5625          0.0274889      2.33892
79.8438    20000      18.3104       0.0642369        18.2462            18.2812          0.0265512      2.34334
80.1562    20000      18.0282       0.0619827        17.9662            18               0.0256318      2.34782
80.4688    20000      17.7459       0.0597749        17.6862            17.7188          0.0247306      2.35236
80.7812    20000      17.4637       0.057613         17.4061            17.4375          0.0238475      2.35697
81.0938    20000      17.1815       0.0554968        17.126             17.1562          0.0229825      2.36164
81.4062    20000      16.8993       0.053426         16.8459            16.875           0.0221353      2.36639
81.7188    20000      16.6172       0.0514001        16.5658            16.5938          0.021306       2.3712
82.0312    20000      16.335        0.049419         16.2856            16.3125          0.0204944      2.37608
82.3438    20000      16.0529       0.0474822        16.0054            16.0312          0.0197005      2.38104
82.6562    20000      15.7708       0.0455895        15.7252            15.75            0.0189242      2.38607
82.9688    20000      15.4887       0.0437405        15.445             15.4688          0.0181654      2.39118
83.2812    20000      15.2066       0.041935         15.1647            15.1875          0.0174239      2.39638
83.5938    20000      14.9246       0.0401725        14.8844            14.9062          0.0166997      2.40165
83.9062    20000      14.6426       0.038453         14.6041            14.625           0.0159928      2.40701
84.2188    20000      14.3606       0.0367759        14.3238            14.3438          0.015303       2.41245
84.5312    20000      14.0786       0.035141         14.0434            14.0625          0.0146302      2.41799
84.8438    20000      13.7966       0.0335481        13.7631            13.7812          0.0139743      2.42362
85.1562    20000      13.5147       0.0319968        13.4827            13.5             0.0133353      2.42934
85.4688    20000      13.2327       0.0304868        13.2022            13.2188          0.0127131      2.43517
85.7812    20000      12.9508       0.0290178        12.9218            12.9375          0.0121075      2.44109
86.0938    20000      12.6689       0.0275896        12.6413            12.6562          0.0115185      2.44712
86.4062    20000      12.387        0.0262018        12.3608            12.375           0.0109459      2.45326
86.7188    20000      12.1052       0.0248541        12.0803            12.0938          0.0103898      2.45951
87.0312    20000      11.8233       0.0235463        11.7998            11.8125          0.00984989     2.46588
87.3438    20000      11.5415       0.022278         11.5192            11.5312          0.0093262      2.47236
87.6562    20000      11.2597       0.021049         11.2386            11.25            0.00881859     2.47898
87.9688    20000      10.9779       0.019859         10.958             10.9688          0.00832696     2.48572
88.2812    20000      10.6961       0.0187076        10.6774            10.6875          0.00785122     2.49259
88.5938    20000      10.4144       0.0175946        10.3968            10.4062          0.00739125     2.49961
88.9062    20000      10.1326       0.0165197        10.1161            10.125           0.00694696     2.50677
89.2188    20000      9.85091       0.0154826        9.83543            9.84375          0.00651823     2.51408
89.5312    20000      9.56921       0.014483         9.55473            9.5625           0.00610496     2.52154
89.8438    20000      9.28752       0.0135206        9.274              9.28125          0.00570703     2.52917
90.1562    20000      9.00585       0.0125951        8.99326            9                0.00532432     2.53697
90.4688    20000      8.7242        0.0117062        8.71249            8.71875          0.00495672     2.54495
90.7812    20000      8.44256       0.0108536        8.43171            8.4375           0.0046041      2.55311
91.0938    20000      8.16094       0.010037         8.1509             8.15625          0.00426634     2.56147
91.4062    20000      7.87933       0.00925604       7.87008            7.875            0.00394331     2.57003
91.7188    20000      7.59774       0.00851043       7.58923            7.59375          0.00363487     2.5788
92.0312    20000      7.31617       0.00779985       7.30837            7.3125           0.00334088     2.5878
92.3438    20000      7.03461       0.00712396       7.02749            7.03125          0.00306119     2.59703
92.6562    20000      6.75307       0.00648242       6.74659            6.75             0.00279565     2.60651
92.9688    20000      6.47155       0.00587488       6.46567            6.46875          0.0025441      2.61625
93.2812    20000      6.19003       0.00530098       6.18473            6.1875           0.00230637     2.62626
93.5938    20000      5.90854       0.00476034       5.90378            5.90625          0.00208229     2.63657
93.9062    20000      5.62706       0.00425258       5.6228             5.625            0.00187166     2.64718
94.2188    20000      5.34559       0.00377727       5.34181            5.34375          0.00167429     2.65812
94.5312    20000      5.06414       0.003334         5.0608             5.0625           0.00148996     2.6694
94.8438    20000      4.7827        0.0029223        4.77978            4.78125          0.00131845     2.68105
95.1562    20000      4.50127       0.00254169       4.49873            4.5              0.00115951     2.69309
95.4688    20000      4.21986       0.00219165       4.21767            4.21875          0.00101288     2.70556
95.7812    20000      3.93847       0.00187163       3.93659            3.9375           0.000878274    2.71847
96.0938    20000      3.65708       0.001581         3.6555             3.65625          0.000755388    2.73186
96.4062    20000      3.37571       0.0013191        3.37439            3.375            0.000643881    2.74577
96.7188    20000      3.09435       0.00108519       3.09326            3.09375          0.000543382    2.76024
97.0312    20000      2.813         0.000878451      2.81212            2.8125           0.000453482    2.77532
97.3438    20000      2.53166       0.000697939      2.53096            2.53125          0.000373724    2.79106
97.6562    20000      2.25033       0.0005426        2.24979            2.25             0.000303601    2.80751
97.9688    20000      1.96902       0.000411213      1.96861            1.96875          0.00024254     2.82475
98.2812    20000      1.68771       0.000302356      1.68741            1.6875           0.000189894    2.84285
98.5938    20000      1.40641       0.00021436       1.40619            1.40625          0.000144923    2.8619
98.9062    20000      1.12512       0.000145229      1.12497            1.125            0.000106779    2.88201
99.2188    20000      0.843832      9.25586e-05      0.843739           0.84375          7.44766e-05    2.9033
99.5312    20000      0.562551      5.33998e-05      0.562498           0.5625           4.68645e-05    2.92591
99.8438    20000      0.281275      2.40893e-05      0.281251           0.28125          2.25812e-05    2.95001
