#Xaxis_E2     YlengthE2     discharge_E2   dischargeEFF_E2  dischargeINEFF_E2  rech_Moulins_E2  rech_meltR_E2  P_E2
1.171875e-02  2.812500e+02  -0.000000e+00  -0.000000e+00    -0.000000e+00      6.597716e+00     2.984995e-02   6.036174e-02
3.515625e-02  3.750000e+02  6.338435e+00   6.076867e+00     2.615673e-01       6.590083e+00     2.984783e-02   1.564983e-01
5.859375e-02  4.218750e+02  6.475761e+00   4.901089e+00     1.574672e+00       6.579905e+00     2.984381e-02   2.455522e-01
8.203125e-02  4.687500e+02  6.471940e+00   2.615470e+00     3.856470e+00       6.568455e+00     2.984003e-02   3.295376e-01
1.054688e-01  5.156250e+02  6.482124e+00   1.047110e+00     5.435014e+00       6.555733e+00     2.983640e-02   4.092811e-01
1.289062e-01  5.156250e+02  6.574526e+00   5.515882e-01     6.022938e+00       6.541739e+00     2.983282e-02   4.823236e-01
1.523438e-01  5.625000e+02  6.448198e+00   3.447233e-01     6.103475e+00       6.527744e+00     2.982935e-02   5.548723e-01
1.757812e-01  5.625000e+02  6.545255e+00   2.459540e-01     6.299301e+00       6.512478e+00     2.982565e-02   6.211014e-01
1.992188e-01  6.093750e+02  6.430167e+00   1.900107e-01     6.240156e+00       6.497211e+00     2.982190e-02   6.881544e-01
2.226562e-01  6.093750e+02  6.513440e+00   1.589521e-01     6.354488e+00       6.480672e+00     2.981777e-02   7.489440e-01
2.460938e-01  6.093750e+02  6.496896e+00   1.418222e-01     6.355074e+00       6.464134e+00     2.981342e-02   8.073931e-01
2.695312e-01  6.562500e+02  6.387923e+00   1.312744e-01     6.256649e+00       6.447595e+00     2.980868e-02   8.680041e-01
2.929688e-01  6.562500e+02  6.462535e+00   1.253985e-01     6.337136e+00       6.429784e+00     2.980327e-02   9.223710e-01
3.164062e-01  6.562500e+02  6.444717e+00   1.247768e-01     6.319940e+00       6.411973e+00     2.979737e-02   9.749313e-01
3.398438e-01  7.031250e+02  6.348718e+00   1.262755e-01     6.222442e+00       6.394162e+00     2.979072e-02   1.030758e+00
3.632812e-01  7.031250e+02  6.407807e+00   1.293420e-01     6.278465e+00       6.375078e+00     2.978304e-02   1.080099e+00
3.867188e-01  7.031250e+02  6.388714e+00   1.369544e-01     6.251760e+00       6.355995e+00     2.977445e-02   1.127978e+00
4.101562e-01  7.031250e+02  6.369620e+00   1.495389e-01     6.220081e+00       6.336912e+00     2.976453e-02   1.174476e+00
4.335938e-01  7.031250e+02  6.350524e+00   1.648838e-01     6.185640e+00       6.317829e+00     2.975294e-02   1.219664e+00
4.570312e-01  7.500000e+02  6.263438e+00   1.783001e-01     6.085138e+00       6.298745e+00     2.973952e-02   1.269202e+00
4.804688e-01  7.500000e+02  6.311054e+00   1.908337e-01     6.120220e+00       6.278390e+00     2.972395e-02   1.312004e+00
5.039062e-01  7.500000e+02  6.290679e+00   2.090784e-01     6.081600e+00       6.258034e+00     2.970643e-02   1.353664e+00
5.273438e-01  7.500000e+02  6.270301e+00   2.331680e-01     6.037133e+00       6.237679e+00     2.968616e-02   1.394216e+00
5.507812e-01  7.500000e+02  6.249920e+00   2.609600e-01     5.988960e+00       6.217323e+00     2.966264e-02   1.433691e+00
5.742188e-01  7.500000e+02  6.229534e+00   2.906078e-01     5.938927e+00       6.196968e+00     2.963542e-02   1.472113e+00
5.976562e-01  7.968750e+02  6.151982e+00   3.153500e-01     5.836632e+00       6.176613e+00     2.960440e-02   1.515740e+00
6.210938e-01  7.968750e+02  6.187479e+00   3.363332e-01     5.851145e+00       6.154985e+00     2.956930e-02   1.552248e+00
6.445312e-01  7.968750e+02  6.165808e+00   3.647430e-01     5.801065e+00       6.133357e+00     2.953063e-02   1.587769e+00
6.679688e-01  7.968750e+02  6.144133e+00   3.997841e-01     5.744349e+00       6.111729e+00     2.948706e-02   1.622310e+00
6.914062e-01  7.968750e+02  6.122451e+00   4.377279e-01     5.684723e+00       6.090102e+00     2.943802e-02   1.655879e+00
7.148438e-01  7.968750e+02  6.100763e+00   4.776288e-01     5.623134e+00       6.068474e+00     2.938306e-02   1.688484e+00
7.382812e-01  7.968750e+02  6.079068e+00   5.189936e-01     5.560075e+00       6.046846e+00     2.932180e-02   1.720129e+00
7.617188e-01  7.968750e+02  6.057366e+00   5.595465e-01     5.497819e+00       6.025219e+00     2.925384e-02   1.750821e+00
7.851562e-01  8.437500e+02  5.988534e+00   5.896944e-01     5.398839e+00       6.003591e+00     2.917952e-02   1.787366e+00
8.085938e-01  8.437500e+02  6.012668e+00   6.113864e-01     5.401282e+00       5.980691e+00     2.909888e-02   1.816450e+00
8.320312e-01  8.437500e+02  5.989674e+00   6.422345e-01     5.347439e+00       5.957791e+00     2.901328e-02   1.844606e+00
8.554688e-01  8.437500e+02  5.966672e+00   6.798190e-01     5.286853e+00       5.934891e+00     2.892063e-02   1.871844e+00
8.789062e-01  8.437500e+02  5.943662e+00   7.184577e-01     5.225205e+00       5.911991e+00     2.882055e-02   1.898171e+00
9.023438e-01  8.437500e+02  5.920644e+00   7.570020e-01     5.163642e+00       5.889092e+00     2.871285e-02   1.923598e+00
9.257812e-01  8.437500e+02  5.897617e+00   7.949549e-01     5.102662e+00       5.866192e+00     2.859743e-02   1.948135e+00
9.492188e-01  8.437500e+02  5.874582e+00   8.320166e-01     5.042566e+00       5.843292e+00     2.847422e-02   1.971792e+00
9.726562e-01  8.437500e+02  5.851538e+00   8.680418e-01     4.983496e+00       5.820392e+00     2.834319e-02   1.994580e+00
9.960938e-01  8.437500e+02  5.828486e+00   9.008944e-01     4.927591e+00       5.797492e+00     2.820432e-02   2.016512e+00
1.019531e+00  8.906250e+02  5.767664e+00   9.198702e-01     4.847794e+00       5.774592e+00     2.805856e-02   2.044867e+00
1.042969e+00  8.906250e+02  5.781086e+00   9.276459e-01     4.853440e+00       5.750420e+00     2.790637e-02   2.065593e+00
1.066406e+00  8.906250e+02  5.756742e+00   9.459190e-01     4.810823e+00       5.726248e+00     2.775011e-02   2.085479e+00
1.089844e+00  8.906250e+02  5.732391e+00   9.707967e-01     4.761594e+00       5.702076e+00     2.758701e-02   2.104562e+00
1.113281e+00  8.906250e+02  5.708032e+00   9.956727e-01     4.712359e+00       5.677904e+00     2.741694e-02   2.122866e+00
1.136719e+00  8.906250e+02  5.683666e+00   1.019596e+00     4.664069e+00       5.653731e+00     2.724002e-02   2.140414e+00
1.160156e+00  8.906250e+02  5.659292e+00   1.042261e+00     4.617030e+00       5.629559e+00     2.705645e-02   2.157224e+00
1.183594e+00  8.906250e+02  5.634911e+00   1.063527e+00     4.571384e+00       5.605387e+00     2.686641e-02   2.173317e+00
1.207031e+00  8.906250e+02  5.610523e+00   1.083321e+00     4.527202e+00       5.581215e+00     2.667013e-02   2.188712e+00
1.230469e+00  8.906250e+02  5.586128e+00   1.101609e+00     4.484519e+00       5.557043e+00     2.646783e-02   2.203429e+00
1.253906e+00  8.906250e+02  5.561728e+00   1.118384e+00     4.443343e+00       5.532871e+00     2.625977e-02   2.217488e+00
1.277344e+00  8.906250e+02  5.537321e+00   1.133667e+00     4.403653e+00       5.508699e+00     2.604617e-02   2.230906e+00
1.300781e+00  8.906250e+02  5.512908e+00   1.147591e+00     4.365318e+00       5.484527e+00     2.582726e-02   2.243703e+00
1.324219e+00  8.906250e+02  5.488490e+00   1.158471e+00     4.330019e+00       5.460354e+00     2.560322e-02   2.255894e+00
1.347656e+00  9.375000e+02  5.434359e+00   1.156184e+00     4.278176e+00       5.436182e+00     2.537537e-02   2.275073e+00
1.371094e+00  9.375000e+02  5.438369e+00   1.143107e+00     4.295262e+00       5.410738e+00     2.514423e-02   2.286746e+00
1.394531e+00  9.375000e+02  5.412670e+00   1.141179e+00     4.271492e+00       5.385294e+00     2.491286e-02   2.297797e+00
1.417969e+00  9.375000e+02  5.386968e+00   1.145874e+00     4.241094e+00       5.359849e+00     2.467786e-02   2.308292e+00
1.441406e+00  9.375000e+02  5.361261e+00   1.150764e+00     4.210498e+00       5.334405e+00     2.443924e-02   2.318267e+00
1.464844e+00  9.375000e+02  5.335551e+00   1.155116e+00     4.180435e+00       5.308961e+00     2.419721e-02   2.327746e+00
1.488281e+00  9.375000e+02  5.309837e+00   1.158722e+00     4.151115e+00       5.283516e+00     2.395200e-02   2.336752e+00
1.511719e+00  9.375000e+02  5.284120e+00   1.161504e+00     4.122617e+00       5.258072e+00     2.370386e-02   2.345306e+00
1.535156e+00  9.375000e+02  5.258400e+00   1.163434e+00     4.094967e+00       5.232628e+00     2.345302e-02   2.353425e+00
1.558594e+00  9.375000e+02  5.232678e+00   1.164511e+00     4.068167e+00       5.207183e+00     2.319973e-02   2.361130e+00
1.582031e+00  9.375000e+02  5.206952e+00   1.164747e+00     4.042205e+00       5.181739e+00     2.294420e-02   2.368436e+00
1.605469e+00  9.375000e+02  5.181225e+00   1.164161e+00     4.017064e+00       5.156295e+00     2.268667e-02   2.375362e+00
1.628906e+00  9.375000e+02  5.155496e+00   1.162775e+00     3.992721e+00       5.130850e+00     2.242734e-02   2.381924e+00
1.652344e+00  9.375000e+02  5.129765e+00   1.160614e+00     3.969151e+00       5.105406e+00     2.216643e-02   2.388135e+00
1.675781e+00  9.375000e+02  5.104032e+00   1.157706e+00     3.946326e+00       5.079962e+00     2.190411e-02   2.394012e+00
1.699219e+00  9.375000e+02  5.078298e+00   1.154090e+00     3.924209e+00       5.054517e+00     2.164058e-02   2.399567e+00
1.722656e+00  9.375000e+02  5.052563e+00   1.149894e+00     3.902669e+00       5.029073e+00     2.137599e-02   2.404814e+00
1.746094e+00  9.375000e+02  5.026827e+00   1.143811e+00     3.883016e+00       5.003629e+00     2.111041e-02   2.409758e+00
1.769531e+00  9.843750e+02  4.977415e+00   1.127552e+00     3.849862e+00       4.978184e+00     2.084507e-02   2.422181e+00
1.792969e+00  9.843750e+02  4.974083e+00   1.102548e+00     3.871535e+00       4.951468e+00     2.058030e-02   2.427288e+00
1.816406e+00  9.843750e+02  4.947080e+00   1.087544e+00     3.859536e+00       4.924751e+00     2.031920e-02   2.432032e+00
1.839844e+00  9.843750e+02  4.920077e+00   1.078640e+00     3.841437e+00       4.898035e+00     2.005818e-02   2.436490e+00
1.863281e+00  9.843750e+02  4.893073e+00   1.070433e+00     3.822641e+00       4.871318e+00     1.979716e-02   2.440691e+00
1.886719e+00  9.843750e+02  4.866070e+00   1.062308e+00     3.803762e+00       4.844602e+00     1.953622e-02   2.444656e+00
1.910156e+00  9.843750e+02  4.839067e+00   1.054082e+00     3.784985e+00       4.817885e+00     1.927550e-02   2.448401e+00
1.933594e+00  9.843750e+02  4.812064e+00   1.045675e+00     3.766390e+00       4.791168e+00     1.901511e-02   2.451938e+00
1.957031e+00  9.843750e+02  4.785062e+00   1.037051e+00     3.748011e+00       4.764452e+00     1.875518e-02   2.455281e+00
1.980469e+00  9.843750e+02  4.758060e+00   1.028198e+00     3.729863e+00       4.737735e+00     1.849583e-02   2.458442e+00
2.003906e+00  9.843750e+02  4.731060e+00   1.019111e+00     3.711948e+00       4.711019e+00     1.823716e-02   2.461430e+00
2.027344e+00  9.843750e+02  4.704060e+00   1.009794e+00     3.694266e+00       4.684302e+00     1.797928e-02   2.464255e+00
2.050781e+00  9.843750e+02  4.677061e+00   1.000253e+00     3.676808e+00       4.657586e+00     1.772229e-02   2.466928e+00
2.074219e+00  9.843750e+02  4.650063e+00   9.904951e-01     3.659568e+00       4.630869e+00     1.746629e-02   2.469456e+00
2.097656e+00  9.843750e+02  4.623066e+00   9.805304e-01     3.642536e+00       4.604153e+00     1.721135e-02   2.471847e+00
2.121094e+00  9.843750e+02  4.596071e+00   9.703674e-01     3.625703e+00       4.577436e+00     1.695756e-02   2.474110e+00
2.144531e+00  9.843750e+02  4.569077e+00   9.600150e-01     3.609062e+00       4.550719e+00     1.670499e-02   2.476252e+00
2.167969e+00  9.843750e+02  4.542084e+00   9.494815e-01     3.592602e+00       4.524003e+00     1.645372e-02   2.478278e+00
2.191406e+00  9.843750e+02  4.515093e+00   9.387748e-01     3.576318e+00       4.497286e+00     1.620379e-02   2.480196e+00
2.214844e+00  9.843750e+02  4.488103e+00   9.279041e-01     3.560199e+00       4.470570e+00     1.595527e-02   2.482010e+00
2.238281e+00  9.843750e+02  4.461115e+00   9.168859e-01     3.544229e+00       4.443853e+00     1.570820e-02   2.483725e+00
2.261719e+00  9.843750e+02  4.434129e+00   9.057982e-01     3.528330e+00       4.417137e+00     1.546262e-02   2.485346e+00
2.285156e+00  9.843750e+02  4.407144e+00   8.936658e-01     3.513478e+00       4.390420e+00     1.521848e-02   2.486873e+00
2.308594e+00  1.031250e+03  4.361049e+00   8.744611e-01     3.486588e+00       4.363704e+00     1.497672e-02   2.496086e+00
2.332031e+00  1.031250e+03  4.351910e+00   8.488227e-01     3.503087e+00       4.335715e+00     1.473756e-02   2.498165e+00
2.355469e+00  1.031250e+03  4.323664e+00   8.308709e-01     3.492793e+00       4.307726e+00     1.450368e-02   2.500073e+00
2.378906e+00  1.031250e+03  4.295421e+00   8.178791e-01     3.477542e+00       4.279737e+00     1.427185e-02   2.501872e+00
2.402344e+00  1.031250e+03  4.267179e+00   8.057860e-01     3.461393e+00       4.251749e+00     1.404184e-02   2.503583e+00
2.425781e+00  1.031250e+03  4.238940e+00   7.940724e-01     3.444867e+00       4.223760e+00     1.381365e-02   2.505218e+00
2.449219e+00  1.031250e+03  4.210702e+00   7.825741e-01     3.428128e+00       4.195771e+00     1.358729e-02   2.506787e+00
2.472656e+00  1.031250e+03  4.182467e+00   7.712155e-01     3.411251e+00       4.167782e+00     1.336278e-02   2.508297e+00
2.496094e+00  1.031250e+03  4.154233e+00   7.599569e-01     3.394276e+00       4.139793e+00     1.314015e-02   2.509756e+00
2.519531e+00  1.031250e+03  4.126002e+00   7.487759e-01     3.377226e+00       4.111805e+00     1.291943e-02   2.511167e+00
2.542969e+00  1.031250e+03  4.097773e+00   7.376592e-01     3.360113e+00       4.083816e+00     1.270064e-02   2.512538e+00
2.566406e+00  1.031250e+03  4.069546e+00   7.265993e-01     3.342946e+00       4.055827e+00     1.248380e-02   2.513871e+00
2.589844e+00  1.031250e+03  4.041321e+00   7.155920e-01     3.325729e+00       4.027838e+00     1.226894e-02   2.515172e+00
2.613281e+00  1.031250e+03  4.013098e+00   7.046353e-01     3.308463e+00       3.999850e+00     1.205607e-02   2.516444e+00
2.636719e+00  1.031250e+03  3.984878e+00   6.937286e-01     3.291149e+00       3.971861e+00     1.184521e-02   2.517690e+00
2.660156e+00  1.031250e+03  3.956659e+00   6.828725e-01     3.273787e+00       3.943872e+00     1.163638e-02   2.518915e+00
2.683594e+00  1.031250e+03  3.928443e+00   6.720678e-01     3.256375e+00       3.915883e+00     1.142958e-02   2.520121e+00
2.707031e+00  1.031250e+03  3.900230e+00   6.613159e-01     3.238914e+00       3.887895e+00     1.122482e-02   2.521312e+00
2.730469e+00  1.031250e+03  3.872018e+00   6.506185e-01     3.221399e+00       3.859906e+00     1.102212e-02   2.522489e+00
2.753906e+00  1.031250e+03  3.843809e+00   6.399772e-01     3.203832e+00       3.831917e+00     1.082149e-02   2.523656e+00
2.777344e+00  1.031250e+03  3.815602e+00   6.293935e-01     3.186208e+00       3.803928e+00     1.062292e-02   2.524814e+00
2.800781e+00  1.031250e+03  3.787397e+00   6.188690e-01     3.168528e+00       3.775939e+00     1.042642e-02   2.525967e+00
2.824219e+00  1.031250e+03  3.759195e+00   6.084051e-01     3.150790e+00       3.747951e+00     1.023199e-02   2.527116e+00
2.847656e+00  1.031250e+03  3.730994e+00   5.980028e-01     3.132992e+00       3.719962e+00     1.003965e-02   2.528263e+00
2.871094e+00  1.031250e+03  3.702797e+00   5.876629e-01     3.115134e+00       3.691973e+00     9.849374e-03   2.529410e+00
2.894531e+00  1.031250e+03  3.674601e+00   5.773858e-01     3.097215e+00       3.663984e+00     9.661177e-03   2.530558e+00
2.917969e+00  1.031250e+03  3.646408e+00   5.671718e-01     3.079236e+00       3.635996e+00     9.475053e-03   2.531710e+00
2.941406e+00  1.031250e+03  3.618217e+00   5.570204e-01     3.061196e+00       3.608007e+00     9.290996e-03   2.532865e+00
2.964844e+00  1.031250e+03  3.590028e+00   5.469310e-01     3.043097e+00       3.580018e+00     9.109002e-03   2.534026e+00
2.988281e+00  1.031250e+03  3.561841e+00   5.369030e-01     3.024938e+00       3.552029e+00     8.929061e-03   2.535193e+00
3.011719e+00  1.031250e+03  3.533657e+00   5.269370e-01     3.006720e+00       3.524041e+00     8.751164e-03   2.536366e+00
3.035156e+00  1.031250e+03  3.505475e+00   5.170390e-01     2.988436e+00       3.496052e+00     8.575295e-03   2.537546e+00
3.058594e+00  1.031250e+03  3.477295e+00   5.072452e-01     2.970050e+00       3.468063e+00     8.401428e-03   2.538733e+00
3.082031e+00  1.031250e+03  3.449118e+00   4.969536e-01     2.952164e+00       3.440074e+00     8.229509e-03   2.539924e+00
3.105469e+00  1.078125e+03  3.406374e+00   4.826307e-01     2.923743e+00       3.412085e+00     8.060165e-03   2.548321e+00
3.128906e+00  1.078125e+03  3.391499e+00   4.643944e-01     2.927104e+00       3.382824e+00     7.893560e-03   2.550174e+00
3.152344e+00  1.078125e+03  3.362060e+00   4.508081e-01     2.911252e+00       3.353563e+00     7.731715e-03   2.551977e+00
3.175781e+00  1.078125e+03  3.332624e+00   4.404320e-01     2.892192e+00       3.324302e+00     7.572201e-03   2.553762e+00
3.199219e+00  1.078125e+03  3.303190e+00   4.307970e-01     2.872393e+00       3.295042e+00     7.414762e-03   2.555543e+00
3.222656e+00  1.078125e+03  3.273758e+00   4.215313e-01     2.852227e+00       3.265781e+00     7.259335e-03   2.557325e+00
3.246094e+00  1.078125e+03  3.244328e+00   4.125158e-01     2.831812e+00       3.236520e+00     7.105894e-03   2.559115e+00
3.269531e+00  1.078125e+03  3.214901e+00   4.036950e-01     2.811206e+00       3.207259e+00     6.954423e-03   2.560916e+00
3.292969e+00  1.078125e+03  3.185475e+00   3.950378e-01     2.790438e+00       3.177998e+00     6.804913e-03   2.562732e+00
3.316406e+00  1.078125e+03  3.156052e+00   3.865251e-01     2.769527e+00       3.148737e+00     6.657356e-03   2.564564e+00
3.339844e+00  1.078125e+03  3.126631e+00   3.781444e-01     2.748487e+00       3.119476e+00     6.511743e-03   2.566415e+00
3.363281e+00  1.078125e+03  3.097212e+00   3.698869e-01     2.727326e+00       3.090215e+00     6.368070e-03   2.568288e+00
3.386719e+00  1.078125e+03  3.067796e+00   3.617464e-01     2.706049e+00       3.060954e+00     6.226327e-03   2.570183e+00
3.410156e+00  1.078125e+03  3.038381e+00   3.537184e-01     2.684663e+00       3.031693e+00     6.086508e-03   2.572104e+00
3.433594e+00  1.078125e+03  3.008969e+00   3.457996e-01     2.663169e+00       3.002432e+00     5.948606e-03   2.574051e+00
3.457031e+00  1.078125e+03  2.979558e+00   3.379873e-01     2.641571e+00       2.973171e+00     5.812613e-03   2.576025e+00
3.480469e+00  1.078125e+03  2.950150e+00   3.302796e-01     2.619870e+00       2.943910e+00     5.678522e-03   2.578028e+00
3.503906e+00  1.078125e+03  2.920744e+00   3.226750e-01     2.598069e+00       2.914649e+00     5.546323e-03   2.580062e+00
3.527344e+00  1.078125e+03  2.891339e+00   3.151724e-01     2.576167e+00       2.885388e+00     5.416008e-03   2.582128e+00
3.550781e+00  1.078125e+03  2.861937e+00   3.077707e-01     2.554167e+00       2.856127e+00     5.287570e-03   2.584226e+00
3.574219e+00  1.078125e+03  2.832537e+00   3.004692e-01     2.532068e+00       2.826866e+00     5.161000e-03   2.586358e+00
3.597656e+00  1.078125e+03  2.803139e+00   2.932674e-01     2.509872e+00       2.797605e+00     5.036288e-03   2.588524e+00
3.621094e+00  1.078125e+03  2.773743e+00   2.861646e-01     2.487579e+00       2.768344e+00     4.913426e-03   2.590727e+00
3.644531e+00  1.078125e+03  2.744349e+00   2.791604e-01     2.465189e+00       2.739083e+00     4.792404e-03   2.592967e+00
3.667969e+00  1.078125e+03  2.714957e+00   2.722544e-01     2.442703e+00       2.709822e+00     4.673213e-03   2.595244e+00
3.691406e+00  1.078125e+03  2.685567e+00   2.654462e-01     2.420121e+00       2.680561e+00     4.555844e-03   2.597561e+00
3.714844e+00  1.078125e+03  2.656179e+00   2.587355e-01     2.397444e+00       2.651300e+00     4.440286e-03   2.599917e+00
3.738281e+00  1.078125e+03  2.626793e+00   2.521221e-01     2.374671e+00       2.622039e+00     4.326531e-03   2.602314e+00
3.761719e+00  1.078125e+03  2.597409e+00   2.456055e-01     2.351804e+00       2.592778e+00     4.214569e-03   2.604753e+00
3.785156e+00  1.078125e+03  2.568027e+00   2.391855e-01     2.328842e+00       2.563517e+00     4.104390e-03   2.607234e+00
3.808594e+00  1.078125e+03  2.538647e+00   2.328617e-01     2.305785e+00       2.534256e+00     3.995983e-03   2.609759e+00
3.832031e+00  1.078125e+03  2.509269e+00   2.266339e-01     2.282635e+00       2.504995e+00     3.889340e-03   2.612329e+00
3.855469e+00  1.078125e+03  2.479893e+00   2.205018e-01     2.259391e+00       2.475734e+00     3.784449e-03   2.614943e+00
3.878906e+00  1.078125e+03  2.450518e+00   2.144650e-01     2.236053e+00       2.446473e+00     3.681302e-03   2.617604e+00
3.902344e+00  1.078125e+03  2.421146e+00   2.085232e-01     2.212623e+00       2.417212e+00     3.579887e-03   2.620312e+00
3.925781e+00  1.078125e+03  2.391775e+00   2.026762e-01     2.189099e+00       2.387951e+00     3.480194e-03   2.623069e+00
3.949219e+00  1.078125e+03  2.362407e+00   1.969235e-01     2.165483e+00       2.358690e+00     3.382214e-03   2.625874e+00
3.972656e+00  1.078125e+03  2.333040e+00   1.912648e-01     2.141775e+00       2.329429e+00     3.285937e-03   2.628729e+00
3.996094e+00  1.078125e+03  2.303675e+00   1.856997e-01     2.117975e+00       2.300168e+00     3.191351e-03   2.631634e+00
4.019531e+00  1.078125e+03  2.274312e+00   1.802280e-01     2.094084e+00       2.270907e+00     3.098447e-03   2.634592e+00
4.042969e+00  1.078125e+03  2.244951e+00   1.748492e-01     2.070101e+00       2.241646e+00     3.007214e-03   2.637602e+00
4.066406e+00  1.078125e+03  2.215591e+00   1.695630e-01     2.046028e+00       2.212385e+00     2.917643e-03   2.640665e+00
4.089844e+00  1.078125e+03  2.186234e+00   1.643690e-01     2.021865e+00       2.183124e+00     2.829722e-03   2.643784e+00
4.113281e+00  1.078125e+03  2.156878e+00   1.592668e-01     1.997611e+00       2.153863e+00     2.743442e-03   2.646957e+00
4.136719e+00  1.078125e+03  2.127524e+00   1.542560e-01     1.973268e+00       2.124602e+00     2.658792e-03   2.650188e+00
4.160156e+00  1.078125e+03  2.098172e+00   1.493362e-01     1.948835e+00       2.095341e+00     2.575762e-03   2.653476e+00
4.183594e+00  1.078125e+03  2.068821e+00   1.445070e-01     1.924314e+00       2.066080e+00     2.494341e-03   2.656822e+00
4.207031e+00  1.078125e+03  2.039472e+00   1.397681e-01     1.899704e+00       2.036819e+00     2.414520e-03   2.660228e+00
4.230469e+00  1.078125e+03  2.010125e+00   1.351189e-01     1.875007e+00       2.007558e+00     2.336287e-03   2.663695e+00
4.253906e+00  1.078125e+03  1.980780e+00   1.305592e-01     1.850221e+00       1.978297e+00     2.259633e-03   2.667224e+00
4.277344e+00  1.078125e+03  1.951437e+00   1.260885e-01     1.825348e+00       1.949036e+00     2.184546e-03   2.670815e+00
4.300781e+00  1.078125e+03  1.922095e+00   1.217063e-01     1.800389e+00       1.919775e+00     2.111017e-03   2.674471e+00
4.324219e+00  1.078125e+03  1.892755e+00   1.174123e-01     1.775343e+00       1.890514e+00     2.039036e-03   2.678191e+00
4.347656e+00  1.078125e+03  1.863416e+00   1.132060e-01     1.750210e+00       1.861253e+00     1.968591e-03   2.681979e+00
4.371094e+00  1.078125e+03  1.834080e+00   1.090870e-01     1.724993e+00       1.831992e+00     1.899672e-03   2.685834e+00
4.394531e+00  1.078125e+03  1.804745e+00   1.050550e-01     1.699690e+00       1.802731e+00     1.832269e-03   2.689758e+00
4.417969e+00  1.078125e+03  1.775411e+00   1.011094e-01     1.674302e+00       1.773470e+00     1.766371e-03   2.693752e+00
4.441406e+00  1.078125e+03  1.746080e+00   9.724993e-02     1.648830e+00       1.744209e+00     1.701968e-03   2.697818e+00
4.464844e+00  1.078125e+03  1.716749e+00   9.347612e-02     1.623273e+00       1.714948e+00     1.639048e-03   2.701957e+00
4.488281e+00  1.078125e+03  1.687421e+00   8.978756e-02     1.597633e+00       1.685687e+00     1.577603e-03   2.706171e+00
4.511719e+00  1.078125e+03  1.658094e+00   8.618387e-02     1.571910e+00       1.656426e+00     1.517619e-03   2.710460e+00
4.535156e+00  1.078125e+03  1.628769e+00   8.266465e-02     1.546104e+00       1.627165e+00     1.459088e-03   2.714828e+00
4.558594e+00  1.078125e+03  1.599445e+00   7.922951e-02     1.520215e+00       1.597904e+00     1.401998e-03   2.719274e+00
4.582031e+00  1.078125e+03  1.570123e+00   7.587808e-02     1.494245e+00       1.568643e+00     1.346339e-03   2.723801e+00
4.605469e+00  1.078125e+03  1.540802e+00   7.261002e-02     1.468192e+00       1.539382e+00     1.292098e-03   2.728411e+00
4.628906e+00  1.078125e+03  1.511483e+00   6.942499e-02     1.442058e+00       1.510121e+00     1.239266e-03   2.733105e+00
4.652344e+00  1.078125e+03  1.482166e+00   6.632269e-02     1.415843e+00       1.480860e+00     1.187831e-03   2.737886e+00
4.675781e+00  1.078125e+03  1.452850e+00   6.330289e-02     1.389547e+00       1.451599e+00     1.137782e-03   2.742754e+00
4.699219e+00  1.078125e+03  1.423535e+00   6.036537e-02     1.363170e+00       1.422338e+00     1.089107e-03   2.747713e+00
4.722656e+00  1.078125e+03  1.394222e+00   5.751006e-02     1.336712e+00       1.393077e+00     1.041795e-03   2.752764e+00
4.746094e+00  1.078125e+03  1.364911e+00   5.473696e-02     1.310174e+00       1.363816e+00     9.958333e-04   2.757910e+00
4.769531e+00  1.078125e+03  1.335601e+00   5.204634e-02     1.283554e+00       1.334555e+00     9.512105e-04   2.763152e+00
4.792969e+00  1.078125e+03  1.306292e+00   4.943878e-02     1.256853e+00       1.305294e+00     9.079137e-04   2.768495e+00
4.816406e+00  1.078125e+03  1.276985e+00   4.691549e-02     1.230070e+00       1.276033e+00     8.659295e-04   2.773939e+00
4.839844e+00  1.078125e+03  1.247679e+00   4.447891e-02     1.203200e+00       1.246772e+00     8.252434e-04   2.779489e+00
4.863281e+00  1.078125e+03  1.218375e+00   4.213430e-02     1.176241e+00       1.217511e+00     7.858389e-04   2.785147e+00
4.886719e+00  1.078125e+03  1.189072e+00   3.989500e-02     1.149177e+00       1.188250e+00     7.476944e-04   2.790916e+00
4.910156e+00  1.078125e+03  1.159771e+00   3.780679e-02     1.121964e+00       1.158990e+00     7.107740e-04   2.796802e+00
4.933594e+00  1.078125e+03  1.130470e+00   3.611926e-02     1.094351e+00       1.129729e+00     6.749781e-04   2.802805e+00
4.957031e+00  1.031250e+03  1.096289e+00   3.489773e-02     1.061392e+00       1.100468e+00     6.397213e-04   2.804145e+00
4.980469e+00  1.031250e+03  1.073144e+00   3.329163e-02     1.039853e+00       1.072479e+00     6.056137e-04   2.809999e+00
5.003906e+00  1.031250e+03  1.045119e+00   3.134538e-02     1.013774e+00       1.044490e+00     5.725876e-04   2.815979e+00
5.027344e+00  1.031250e+03  1.017095e+00   2.941599e-02     9.876795e-01       1.016501e+00     5.407711e-04   2.822088e+00
5.050781e+00  1.031250e+03  9.890730e-01   2.756122e-02     9.615118e-01       9.885125e-01     5.101423e-04   2.828329e+00
5.074219e+00  1.031250e+03  9.610519e-01   2.577809e-02     9.352738e-01       9.605237e-01     4.806824e-04   2.834704e+00
5.097656e+00  1.031250e+03  9.330320e-01   2.406550e-02     9.089665e-01       9.325349e-01     4.523743e-04   2.841216e+00
5.121094e+00  1.031250e+03  9.050134e-01   2.242310e-02     8.825903e-01       9.045461e-01     4.252010e-04   2.847868e+00
5.144531e+00  1.031250e+03  8.769960e-01   2.085081e-02     8.561452e-01       8.765574e-01     3.991455e-04   2.854664e+00
5.167969e+00  1.031250e+03  8.489798e-01   1.934880e-02     8.296310e-01       8.485686e-01     3.741901e-04   2.861608e+00
5.191406e+00  1.031250e+03  8.209648e-01   1.791766e-02     8.030471e-01       8.205798e-01     3.503164e-04   2.868703e+00
5.214844e+00  1.031250e+03  7.929510e-01   1.655904e-02     7.763919e-01       7.925911e-01     3.275039e-04   2.875955e+00
5.238281e+00  1.031250e+03  7.649383e-01   1.527750e-02     7.496608e-01       7.646023e-01     3.057291e-04   2.883368e+00
5.261719e+00  1.031250e+03  7.369267e-01   1.408961e-02     7.228371e-01       7.366135e-01     2.849598e-04   2.890946e+00
5.285156e+00  1.031250e+03  7.089161e-01   1.308416e-02     6.958319e-01       7.086248e-01     2.651280e-04   2.898694e+00
5.308594e+00  9.843750e+02  6.777563e-01   1.226586e-02     6.654904e-01       6.806360e-01     2.459142e-04   2.903000e+00
5.332031e+00  9.843750e+02  6.541697e-01   1.134265e-02     6.428270e-01       6.539194e-01     2.277172e-04   2.910785e+00
5.355469e+00  9.843750e+02  6.274341e-01   1.033225e-02     6.171018e-01       6.272029e-01     2.104068e-04   2.918756e+00
5.378906e+00  9.843750e+02  6.006995e-01   9.366850e-03     5.913327e-01       6.004863e-01     1.940307e-04   2.926918e+00
5.402344e+00  9.843750e+02  5.739660e-01   8.465231e-03     5.655008e-01       5.737698e-01     1.785608e-04   2.935276e+00
5.425781e+00  9.843750e+02  5.472334e-01   7.627606e-03     5.396058e-01       5.470532e-01     1.639685e-04   2.943838e+00
5.449219e+00  9.843750e+02  5.205017e-01   6.860303e-03     5.136414e-01       5.203367e-01     1.502199e-04   2.952608e+00
5.472656e+00  9.843750e+02  4.937710e-01   6.200505e-03     4.875704e-01       4.936201e-01     1.372590e-04   2.961592e+00
5.496094e+00  9.375000e+02  4.648079e-01   5.638206e-03     4.591697e-01       4.669036e-01     1.248841e-04   2.967845e+00
5.519531e+00  9.375000e+02  4.415838e-01   5.057515e-03     4.365263e-01       4.414592e-01     1.133941e-04   2.977015e+00
5.542969e+00  9.375000e+02  4.161277e-01   4.465177e-03     4.116625e-01       4.160149e-01     1.026237e-04   2.986422e+00
5.566406e+00  9.375000e+02  3.906723e-01   3.924227e-03     3.867481e-01       3.905706e-01     9.257623e-05   2.996074e+00
5.589844e+00  9.375000e+02  3.652176e-01   3.459491e-03     3.617582e-01       3.651262e-01     8.319871e-05   3.005978e+00
5.613281e+00  8.906250e+02  3.380506e-01   3.057725e-03     3.349929e-01       3.396819e-01     7.434431e-05   3.013638e+00
5.636719e+00  8.906250e+02  3.155826e-01   2.667006e-03     3.129156e-01       3.155098e-01     6.625947e-05   3.023846e+00
5.660156e+00  8.906250e+02  2.914022e-01   2.288284e-03     2.891139e-01       2.913376e-01     5.875738e-05   3.034333e+00
5.683594e+00  8.906250e+02  2.672225e-01   1.961216e-03     2.652612e-01       2.671655e-01     5.181293e-05   3.045109e+00
5.707031e+00  8.437500e+02  2.417769e-01   1.676749e-03     2.401002e-01       2.429934e-01     4.531827e-05   3.054051e+00
5.730469e+00  8.437500e+02  2.201369e-01   1.417816e-03     2.187191e-01       2.200935e-01     3.947585e-05   3.065249e+00
5.753906e+00  8.437500e+02  1.972311e-01   1.182331e-03     1.960487e-01       1.971936e-01     3.407898e-05   3.076769e+00
5.777344e+00  7.968750e+02  1.733993e-01   9.768364e-04     1.724224e-01       1.742937e-01     2.905740e-05   3.086779e+00
5.800781e+00  7.968750e+02  1.526930e-01   8.017804e-04     1.518912e-01       1.526660e-01     2.458189e-05   3.098826e+00
5.824219e+00  7.500000e+02  1.302805e-01   6.424895e-04     1.296380e-01       1.310383e-01     2.041424e-05   3.109609e+00
5.847656e+00  7.500000e+02  1.107012e-01   5.099062e-04     1.101913e-01       1.106829e-01     1.672202e-05   3.122258e+00
5.871094e+00  7.031250e+02  8.984484e-02   3.906894e-04     8.945415e-02       9.032739e-02     1.327286e-05   3.133887e+00
5.894531e+00  6.562500e+02  7.076671e-02   2.915288e-04     7.047518e-02       7.124414e-02     1.020362e-05   3.145960e+00
5.917969e+00  6.093750e+02  5.301082e-02   2.076023e-04     5.280321e-02       5.343311e-02     7.480683e-06   3.158515e+00
5.941406e+00  5.625000e+02  3.656759e-02   1.370574e-04     3.643053e-02       3.689429e-02     5.068424e-06   3.171580e+00
5.964844e+00  4.687500e+02  2.132426e-02   7.727081e-05     2.124699e-02       2.162769e-02     2.925473e-06   3.184423e+00
5.988281e+00  3.281250e+02  8.666084e-03   3.061776e-05     8.635466e-03       8.905518e-03     1.189929e-06   3.197615e+00
