#Xaxis_B5     YlengthB5     discharge_B5   dischargeEFF_B5  dischargeINEFF_B5  rech_Moulins_B5  rech_meltR_B5  P_B5
1.562500e-01  2.000000e+04  -0.000000e+00  -0.000000e+00    -0.000000e+00      9.015860e+01     8.230979e-01   6.755072e-02
4.687500e-01  2.000000e+04  9.106260e+01   5.254083e+00     8.580851e+01       9.015810e+01     8.230889e-01   1.821783e-01
7.812500e-01  2.000000e+04  9.106208e+01   7.015879e-01     9.036049e+01       9.015761e+01     8.230685e-01   2.935521e-01
1.093750e+00  2.000000e+04  9.106156e+01   2.320687e-01     9.082949e+01       9.015711e+01     8.230442e-01   4.019387e-01
1.406250e+00  2.000000e+04  9.106103e+01   1.214782e-01     9.093955e+01       9.015662e+01     8.230161e-01   5.075566e-01
1.718750e+00  2.000000e+04  9.106050e+01   8.490234e-02     9.097560e+01       9.015612e+01     8.229820e-01   6.105904e-01
2.031250e+00  2.000000e+04  9.105995e+01   7.284466e-02     9.098711e+01       9.015563e+01     8.229386e-01   7.111936e-01
2.343750e+00  2.000000e+04  9.105939e+01   7.288638e-02     9.098651e+01       9.015513e+01     8.228805e-01   8.094878e-01
2.656250e+00  2.000000e+04  9.105881e+01   8.188354e-02     9.097693e+01       9.015463e+01     8.227994e-01   9.055582e-01
2.968750e+00  2.000000e+04  9.105819e+01   1.001385e-01     9.095805e+01       9.015414e+01     8.226821e-01   9.994454e-01
3.281250e+00  2.000000e+04  9.105750e+01   1.299175e-01     9.092758e+01       9.015364e+01     8.225085e-01   1.091133e+00
3.593750e+00  2.000000e+04  9.105672e+01   1.750843e-01     9.088163e+01       9.015315e+01     8.222484e-01   1.180532e+00
3.906250e+00  2.000000e+04  9.105579e+01   2.409944e-01     9.081480e+01       9.015265e+01     8.218577e-01   1.267458e+00
4.218750e+00  2.000000e+04  9.105464e+01   3.340991e-01     9.072054e+01       9.015214e+01     8.212742e-01   1.351610e+00
4.531250e+00  2.000000e+04  9.104443e+01   4.582279e-01     9.058620e+01       9.014287e+01     8.204148e-01   1.432569e+00
4.843750e+00  2.000000e+04  9.046630e+01   5.924047e-01     8.987390e+01       8.956609e+01     8.191886e-01   1.509891e+00
5.156250e+00  2.000000e+04  8.609911e+01   6.848185e-01     8.541429e+01       8.520067e+01     8.175838e-01   1.583535e+00
5.468750e+00  2.000000e+04  8.173048e+01   7.845402e-01     8.094594e+01       8.083419e+01     8.156212e-01   1.653169e+00
5.781250e+00  2.000000e+04  8.104258e+01   9.582710e-01     8.008431e+01       8.014900e+01     8.131562e-01   1.717666e+00
6.093750e+00  2.000000e+04  7.978106e+01   1.140631e+00     7.864043e+01       7.889091e+01     8.100353e-01   1.776588e+00
6.406250e+00  2.000000e+04  7.791495e+01   1.319403e+00     7.659555e+01       7.702896e+01     8.062471e-01   1.829761e+00
6.718750e+00  2.000000e+04  7.752511e+01   1.544507e+00     7.598061e+01       7.664411e+01     8.017103e-01   1.876447e+00
7.031250e+00  2.000000e+04  7.728344e+01   1.778065e+00     7.550537e+01       7.640836e+01     7.963183e-01   1.916510e+00
7.343750e+00  2.000000e+04  7.677217e+01   1.989155e+00     7.478301e+01       7.590393e+01     7.900980e-01   1.950321e+00
7.656250e+00  2.000000e+04  7.659049e+01   2.184270e+00     7.440622e+01       7.572994e+01     7.831008e-01   1.978190e+00
7.968750e+00  2.000000e+04  7.597111e+01   2.303009e+00     7.366810e+01       7.511898e+01     7.754348e-01   2.001128e+00
8.281250e+00  2.000000e+04  7.394645e+01   2.311916e+00     7.163454e+01       7.310314e+01     7.674111e-01   2.020860e+00
8.593750e+00  2.000000e+04  7.303117e+01   2.355553e+00     7.067561e+01       7.219691e+01     7.591759e-01   2.037140e+00
8.906250e+00  2.000000e+04  7.296986e+01   2.447895e+00     7.052197e+01       7.214504e+01     7.505903e-01   2.049764e+00
9.218750e+00  2.000000e+04  7.295920e+01   2.537233e+00     7.042196e+01       7.214423e+01     7.416226e-01   2.059238e+00
9.531250e+00  2.000000e+04  7.294771e+01   2.606277e+00     7.034143e+01       7.214293e+01     7.323453e-01   2.066145e+00
9.843750e+00  2.000000e+04  7.288438e+01   2.645395e+00     7.023899e+01       7.209005e+01     7.228443e-01   2.071066e+00
1.015625e+01  2.000000e+04  7.247652e+01   2.639902e+00     6.983662e+01       7.169274e+01     7.132419e-01   2.074727e+00
1.046875e+01  2.000000e+04  7.206813e+01   2.623699e+00     6.944444e+01       7.129491e+01     7.036372e-01   2.077424e+00
1.078125e+01  2.000000e+04  7.195048e+01   2.612357e+00     6.933813e+01       7.118781e+01     6.940282e-01   2.079168e+00
1.109375e+01  2.000000e+04  7.131428e+01   2.556871e+00     6.875741e+01       7.056211e+01     6.844752e-01   2.080665e+00
1.140625e+01  2.000000e+04  7.037257e+01   2.483233e+00     6.788934e+01       6.963070e+01     6.751063e-01   2.082275e+00
1.171875e+01  2.000000e+04  7.013765e+01   2.443886e+00     6.769377e+01       6.940592e+01     6.658779e-01   2.083415e+00
1.203125e+01  2.000000e+04  6.944343e+01   2.368003e+00     6.707542e+01       6.872171e+01     6.567653e-01   2.084639e+00
1.234375e+01  2.000000e+04  6.792164e+01   2.251179e+00     6.567046e+01       6.720962e+01     6.479373e-01   2.086700e+00
1.265625e+01  2.000000e+04  6.743578e+01   2.190561e+00     6.524522e+01       6.673319e+01     6.393623e-01   2.088568e+00
1.296875e+01  2.000000e+04  6.680441e+01   2.111500e+00     6.469291e+01       6.611110e+01     6.309182e-01   2.090431e+00
1.328125e+01  2.000000e+04  6.477958e+01   1.962695e+00     6.281689e+01       6.409520e+01     6.227938e-01   2.093522e+00
1.359375e+01  2.000000e+04  6.385819e+01   1.879893e+00     6.197829e+01       6.318234e+01     6.150166e-01   2.096703e+00
1.390625e+01  2.000000e+04  6.351927e+01   1.834308e+00     6.168496e+01       6.285184e+01     6.073601e-01   2.099416e+00
1.421875e+01  2.000000e+04  6.211421e+01   1.742605e+00     6.037161e+01       6.145501e+01     5.998757e-01   2.102663e+00
1.453125e+01  2.000000e+04  6.116755e+01   1.677113e+00     5.949044e+01       6.051630e+01     5.926382e-01   2.105977e+00
1.484375e+01  2.000000e+04  6.097312e+01   1.650265e+00     5.932286e+01       6.032972e+01     5.854978e-01   2.108654e+00
1.515625e+01  2.000000e+04  6.017045e+01   1.598520e+00     5.857193e+01       5.953481e+01     5.784362e-01   2.111304e+00
1.546875e+01  2.000000e+04  5.936874e+01   1.551224e+00     5.781752e+01       5.874069e+01     5.715269e-01   2.113937e+00
1.578125e+01  2.000000e+04  5.925595e+01   1.542048e+00     5.771391e+01       5.863542e+01     5.646893e-01   2.115909e+00
1.609375e+01  2.000000e+04  5.924633e+01   1.546769e+00     5.769956e+01       5.863333e+01     5.578315e-01   2.117173e+00
1.640625e+01  2.000000e+04  5.923811e+01   1.550823e+00     5.768728e+01       5.863267e+01     5.509481e-01   2.117846e+00
1.671875e+01  2.000000e+04  5.920435e+01   1.545214e+00     5.765914e+01       5.860649e+01     5.440552e-01   2.118106e+00
1.703125e+01  2.000000e+04  5.874347e+01   1.507302e+00     5.723617e+01       5.815312e+01     5.372208e-01   2.118516e+00
1.734375e+01  2.000000e+04  5.772800e+01   1.447009e+00     5.628099e+01       5.714496e+01     5.305624e-01   2.119599e+00
1.765625e+01  2.000000e+04  5.741792e+01   1.419980e+00     5.599794e+01       5.684202e+01     5.240614e-01   2.120589e+00
1.796875e+01  2.000000e+04  5.739918e+01   1.415902e+00     5.598328e+01       5.683039e+01     5.175956e-01   2.121143e+00
1.828125e+01  2.000000e+04  5.739153e+01   1.415897e+00     5.597563e+01       5.682985e+01     5.111279e-01   2.121291e+00
1.859375e+01  2.000000e+04  5.738172e+01   1.413690e+00     5.596803e+01       5.682715e+01     5.046617e-01   2.121113e+00
1.890625e+01  2.000000e+04  5.728126e+01   1.400254e+00     5.588101e+01       5.673377e+01     4.982160e-01   2.120794e+00
1.921875e+01  2.000000e+04  5.680843e+01   1.367987e+00     5.544044e+01       5.626794e+01     4.918495e-01   2.120724e+00
1.953125e+01  2.000000e+04  5.648725e+01   1.342911e+00     5.514434e+01       5.595364e+01     4.855883e-01   2.120744e+00
1.984375e+01  2.000000e+04  5.634807e+01   1.319473e+00     5.502860e+01       5.582126e+01     4.793933e-01   2.120718e+00
2.015625e+01  2.000000e+04  5.554701e+01   1.266044e+00     5.428097e+01       5.502688e+01     4.733184e-01   2.121273e+00
2.046875e+01  2.000000e+04  5.474616e+01   1.218848e+00     5.352731e+01       5.423250e+01     4.674290e-01   2.122319e+00
2.078125e+01  2.000000e+04  5.460742e+01   1.200172e+00     5.340725e+01       5.410012e+01     4.616439e-01   2.123183e+00
2.109375e+01  2.000000e+04  5.428682e+01   1.178280e+00     5.310854e+01       5.378582e+01     4.559087e-01   2.124022e+00
2.140625e+01  2.000000e+04  5.381461e+01   1.153491e+00     5.266112e+01       5.331983e+01     4.502553e-01   2.124968e+00
2.171875e+01  2.000000e+04  5.368941e+01   1.139198e+00     5.255021e+01       5.320077e+01     4.446623e-01   2.125719e+00
2.203125e+01  2.000000e+04  5.322776e+01   1.107434e+00     5.212032e+01       5.274520e+01     4.391304e-01   2.126673e+00
2.234375e+01  2.000000e+04  5.221364e+01   1.058586e+00     5.115505e+01       5.173699e+01     4.337510e-01   2.128328e+00
2.265625e+01  2.000000e+04  5.189380e+01   1.034240e+00     5.085956e+01       5.142291e+01     4.285082e-01   2.129946e+00
2.296875e+01  2.000000e+04  5.157403e+01   1.009273e+00     5.056476e+01       5.110884e+01     4.233239e-01   2.131528e+00
2.328125e+01  2.000000e+04  5.056027e+01   9.637795e-01     4.959649e+01       5.010064e+01     4.182636e-01   2.133722e+00
2.359375e+01  2.000000e+04  5.010149e+01   9.396774e-01     4.916182e+01       4.964727e+01     4.133410e-01   2.135914e+00
2.390625e+01  2.000000e+04  5.006994e+01   9.373528e-01     4.913258e+01       4.962109e+01     4.084494e-01   2.137624e+00
2.421875e+01  2.000000e+04  5.006389e+01   9.402683e-01     4.912362e+01       4.962044e+01     4.035400e-01   2.138843e+00
2.453125e+01  2.000000e+04  5.005798e+01   9.428408e-01     4.911514e+01       4.961994e+01     3.986125e-01   2.139640e+00
2.484375e+01  2.000000e+04  5.005205e+01   9.444255e-01     4.910763e+01       4.961945e+01     3.936727e-01   2.140082e+00
2.515625e+01  2.000000e+04  5.004612e+01   9.450683e-01     4.910105e+01       4.961895e+01     3.887266e-01   2.140230e+00
2.546875e+01  2.000000e+04  5.004019e+01   9.449085e-01     4.909528e+01       4.961845e+01     3.837791e-01   2.140134e+00
2.578125e+01  2.000000e+04  5.003426e+01   9.440950e-01     4.909017e+01       4.961796e+01     3.788344e-01   2.139837e+00
2.609375e+01  2.000000e+04  5.002834e+01   9.427646e-01     4.908557e+01       4.961746e+01     3.738961e-01   2.139376e+00
2.640625e+01  2.000000e+04  5.002235e+01   9.408469e-01     4.908150e+01       4.961689e+01     3.689670e-01   2.138784e+00
2.671875e+01  2.000000e+04  5.000361e+01   9.356997e-01     4.906791e+01       4.960355e+01     3.640516e-01   2.138117e+00
2.703125e+01  2.000000e+04  4.977132e+01   9.187192e-01     4.885260e+01       4.937662e+01     3.591762e-01   2.137627e+00
2.734375e+01  2.000000e+04  4.926171e+01   8.940324e-01     4.836768e+01       4.887227e+01     3.543883e-01   2.137549e+00
2.765625e+01  2.000000e+04  4.909925e+01   8.805752e-01     4.821867e+01       4.871498e+01     3.496787e-01   2.137523e+00
2.796875e+01  2.000000e+04  4.893683e+01   8.662282e-01     4.807060e+01       4.855770e+01     3.450116e-01   2.137547e+00
2.828125e+01  2.000000e+04  4.842743e+01   8.420916e-01     4.758534e+01       4.805335e+01     3.404188e-01   2.137926e+00
2.859375e+01  2.000000e+04  4.819334e+01   8.276038e-01     4.736573e+01       4.782421e+01     3.359057e-01   2.138362e+00
2.890625e+01  2.000000e+04  4.808220e+01   8.173415e-01     4.726486e+01       4.771799e+01     3.314296e-01   2.138734e+00
2.921875e+01  2.000000e+04  4.761143e+01   7.984767e-01     4.681295e+01       4.725208e+01     3.270084e-01   2.139385e+00
2.953125e+01  2.000000e+04  4.729235e+01   7.846505e-01     4.650770e+01       4.693778e+01     3.226595e-01   2.140152e+00
2.984375e+01  2.000000e+04  4.715524e+01   7.711544e-01     4.638409e+01       4.680540e+01     3.183522e-01   2.140895e+00
3.015625e+01  2.000000e+04  4.635622e+01   7.369189e-01     4.561930e+01       4.601102e+01     3.141328e-01   2.142274e+00
3.046875e+01  2.000000e+04  4.555710e+01   7.065793e-01     4.485052e+01       4.521637e+01     3.100578e-01   2.144204e+00
3.078125e+01  2.000000e+04  4.539323e+01   6.925518e-01     4.470067e+01       4.505689e+01     3.060625e-01   2.146023e+00
3.109375e+01  2.000000e+04  4.476240e+01   6.646383e-01     4.409776e+01       4.443039e+01     3.021284e-01   2.148175e+00
3.140625e+01  2.000000e+04  4.382688e+01   6.313249e-01     4.319556e+01       4.349906e+01     2.983218e-01   2.150891e+00
3.171875e+01  2.000000e+04  4.361086e+01   6.170809e-01     4.299378e+01       4.328712e+01     2.946046e-01   2.153444e+00
3.203125e+01  2.000000e+04  4.314905e+01   5.974830e-01     4.255156e+01       4.282934e+01     2.909296e-01   2.156076e+00
3.234375e+01  2.000000e+04  4.213695e+01   5.687732e-01     4.156818e+01       4.182117e+01     2.873575e-01   2.159269e+00
3.265625e+01  2.000000e+04  4.183018e+01   5.580053e-01     4.127218e+01       4.151823e+01     2.838750e-01   2.162310e+00
3.296875e+01  2.000000e+04  4.181473e+01   5.588061e-01     4.125593e+01       4.150660e+01     2.803974e-01   2.164866e+00
3.328125e+01  2.000000e+04  4.181034e+01   5.620354e-01     4.124831e+01       4.150606e+01     2.768977e-01   2.166944e+00
3.359375e+01  2.000000e+04  4.180377e+01   5.644275e-01     4.123934e+01       4.150336e+01     2.733759e-01   2.168608e+00
3.390625e+01  2.000000e+04  4.170652e+01   5.605094e-01     4.114601e+01       4.140998e+01     2.698450e-01   2.170041e+00
3.421875e+01  2.000000e+04  4.123684e+01   5.455003e-01     4.069134e+01       4.094415e+01     2.663505e-01   2.171661e+00
3.453125e+01  2.000000e+04  4.092037e+01   5.350980e-01     4.038527e+01       4.063145e+01     2.629150e-01   2.173295e+00
3.484375e+01  2.000000e+04  4.088901e+01   5.336409e-01     4.035537e+01       4.060385e+01     2.594989e-01   2.174635e+00
3.515625e+01  2.000000e+04  4.088449e+01   5.349880e-01     4.034950e+01       4.060309e+01     2.560741e-01   2.175658e+00
3.546875e+01  2.000000e+04  4.088022e+01   5.364273e-01     4.034379e+01       4.060259e+01     2.526386e-01   2.176399e+00
3.578125e+01  2.000000e+04  4.087594e+01   5.375781e-01     4.033836e+01       4.060210e+01     2.491946e-01   2.176897e+00
3.609375e+01  2.000000e+04  4.087165e+01   5.384555e-01     4.033320e+01       4.060160e+01     2.457447e-01   2.177186e+00
3.640625e+01  2.000000e+04  4.086728e+01   5.390104e-01     4.032827e+01       4.060103e+01     2.422911e-01   2.177301e+00
3.671875e+01  2.000000e+04  4.085015e+01   5.373385e-01     4.031281e+01       4.058769e+01     2.388373e-01   2.177303e+00
3.703125e+01  2.000000e+04  4.061945e+01   5.270479e-01     4.009240e+01       4.036076e+01     2.354065e-01   2.177465e+00
3.734375e+01  2.000000e+04  4.011140e+01   5.110504e-01     3.960035e+01       3.985641e+01     2.320411e-01   2.178046e+00
3.765625e+01  2.000000e+04  3.995048e+01   5.030828e-01     3.944740e+01       3.969912e+01     2.287349e-01   2.178667e+00
3.796875e+01  2.000000e+04  3.978959e+01   4.946864e-01     3.929491e+01       3.954184e+01     2.254558e-01   2.179325e+00
3.828125e+01  2.000000e+04  3.928169e+01   4.792089e-01     3.880249e+01       3.903749e+01     2.222303e-01   2.180351e+00
3.859375e+01  2.000000e+04  3.904908e+01   4.701763e-01     3.857890e+01       3.880835e+01     2.190656e-01   2.181439e+00
3.890625e+01  2.000000e+04  3.893941e+01   4.643032e-01     3.847511e+01       3.870213e+01     2.159262e-01   2.182459e+00
3.921875e+01  2.000000e+04  3.847009e+01   4.526007e-01     3.801749e+01       3.823622e+01     2.128262e-01   2.183771e+00
3.953125e+01  2.000000e+04  3.815325e+01   4.440071e-01     3.770924e+01       3.792272e+01     2.097827e-01   2.185205e+00
3.984375e+01  2.000000e+04  3.806995e+01   4.382514e-01     3.763170e+01       3.784273e+01     2.067668e-01   2.186527e+00
4.015625e+01  2.000000e+04  3.766910e+01   4.257796e-01     3.724332e+01       3.744516e+01     2.037865e-01   2.188061e+00
4.046875e+01  2.000000e+04  3.726806e+01   4.149789e-01     3.685308e+01       3.704733e+01     2.008650e-01   2.189774e+00
4.078125e+01  2.000000e+04  3.715779e+01   4.079328e-01     3.674986e+01       3.694023e+01     1.979767e-01   2.191394e+00
4.109375e+01  2.000000e+04  3.652897e+01   3.887651e-01     3.614021e+01       3.631453e+01     1.951398e-01   2.193508e+00
4.140625e+01  2.000000e+04  3.559480e+01   3.667285e-01     3.522807e+01       3.538336e+01     1.924155e-01   2.196363e+00
4.171875e+01  2.000000e+04  3.540564e+01   3.599759e-01     3.504566e+01       3.519710e+01     1.897684e-01   2.199089e+00
4.203125e+01  2.000000e+04  3.539783e+01   3.609365e-01     3.503689e+01       3.519220e+01     1.871215e-01   2.201420e+00
4.234375e+01  2.000000e+04  3.539437e+01   3.632555e-01     3.503111e+01       3.519167e+01     1.844569e-01   2.203365e+00
4.265625e+01  2.000000e+04  3.538536e+01   3.644413e-01     3.502092e+01       3.518561e+01     1.817754e-01   2.204988e+00
4.296875e+01  2.000000e+04  3.523069e+01   3.593252e-01     3.487137e+01       3.503389e+01     1.790932e-01   2.206518e+00
4.328125e+01  2.000000e+04  3.472346e+01   3.467854e-01     3.437667e+01       3.452956e+01     1.764524e-01   2.208333e+00
4.359375e+01  2.000000e+04  3.449148e+01   3.399314e-01     3.415154e+01       3.430042e+01     1.738616e-01   2.210135e+00
4.390625e+01  2.000000e+04  3.438243e+01   3.352501e-01     3.404718e+01       3.419420e+01     1.712879e-01   2.211806e+00
4.421875e+01  2.000000e+04  3.391372e+01   3.252401e-01     3.358848e+01       3.372829e+01     1.687463e-01   2.213710e+00
4.453125e+01  2.000000e+04  3.359828e+01   3.187464e-01     3.327954e+01       3.341559e+01     1.662518e-01   2.215673e+00
4.484375e+01  2.000000e+04  3.356796e+01   3.178596e-01     3.325010e+01       3.338799e+01     1.637726e-01   2.217385e+00
4.515625e+01  2.000000e+04  3.356447e+01   3.187301e-01     3.324574e+01       3.338723e+01     1.612861e-01   2.218811e+00
4.546875e+01  2.000000e+04  3.356123e+01   3.197457e-01     3.324148e+01       3.338673e+01     1.587902e-01   2.219972e+00
4.578125e+01  2.000000e+04  3.355798e+01   3.206817e-01     3.323730e+01       3.338624e+01     1.562858e-01   2.220898e+00
4.609375e+01  2.000000e+04  3.355473e+01   3.215604e-01     3.323317e+01       3.338574e+01     1.537742e-01   2.221614e+00
4.640625e+01  2.000000e+04  3.355131e+01   3.223053e-01     3.322900e+01       3.338509e+01     1.512563e-01   2.222152e+00
4.671875e+01  2.000000e+04  3.352235e+01   3.202018e-01     3.320215e+01       3.335891e+01     1.487357e-01   2.222608e+00
4.703125e+01  2.000000e+04  3.306626e+01   3.060355e-01     3.276022e+01       3.290554e+01     1.462511e-01   2.223559e+00
4.734375e+01  2.000000e+04  3.205549e+01   2.841500e-01     3.177134e+01       3.189738e+01     1.438757e-01   2.225560e+00
4.765625e+01  2.000000e+04  3.175005e+01   2.749414e-01     3.147511e+01       3.159444e+01     1.415989e-01   2.227718e+00
4.796875e+01  2.000000e+04  3.173593e+01   2.741537e-01     3.146178e+01       3.158281e+01     1.393399e-01   2.229606e+00
4.828125e+01  2.000000e+04  3.173290e+01   2.753701e-01     3.145753e+01       3.158227e+01     1.370715e-01   2.231194e+00
4.859375e+01  2.000000e+04  3.172769e+01   2.763729e-01     3.145132e+01       3.157957e+01     1.347914e-01   2.232520e+00
4.890625e+01  2.000000e+04  3.163181e+01   2.738605e-01     3.135795e+01       3.148619e+01     1.325081e-01   2.233760e+00
4.921875e+01  2.000000e+04  3.116350e+01   2.650841e-01     3.089841e+01       3.102036e+01     1.302565e-01   2.235364e+00
4.953125e+01  2.000000e+04  3.084758e+01   2.591512e-01     3.058843e+01       3.070686e+01     1.280544e-01   2.237135e+00
4.984375e+01  2.000000e+04  3.076519e+01   2.554342e-01     3.050976e+01       3.062687e+01     1.258740e-01   2.238808e+00
5.015625e+01  2.000000e+04  3.036526e+01   2.461495e-01     3.011911e+01       3.022930e+01     1.237227e-01   2.240737e+00
5.046875e+01  2.000000e+04  2.996565e+01   2.380706e-01     2.972757e+01       2.983199e+01     1.216239e-01   2.242879e+00
5.078125e+01  2.000000e+04  2.991048e+01   2.363254e-01     2.967416e+01       2.977911e+01     1.195510e-01   2.244812e+00
5.109375e+01  2.000000e+04  2.990691e+01   2.372020e-01     2.966970e+01       2.977781e+01     1.174726e-01   2.246458e+00
5.140625e+01  2.000000e+04  2.990403e+01   2.384910e-01     2.966554e+01       2.977724e+01     1.153832e-01   2.247837e+00
5.171875e+01  2.000000e+04  2.988839e+01   2.386208e-01     2.964977e+01       2.976390e+01     1.132842e-01   2.249013e+00
5.203125e+01  2.000000e+04  2.965916e+01   2.335056e-01     2.942565e+01       2.953697e+01     1.111941e-01   2.250299e+00
5.234375e+01  2.000000e+04  2.915256e+01   2.248742e-01     2.892769e+01       2.903262e+01     1.091483e-01   2.251998e+00
5.265625e+01  2.000000e+04  2.899308e+01   2.208227e-01     2.877225e+01       2.887533e+01     1.071442e-01   2.253702e+00
5.296875e+01  2.000000e+04  2.883361e+01   2.162900e-01     2.861732e+01       2.871805e+01     1.051570e-01   2.255422e+00
5.328125e+01  2.000000e+04  2.832711e+01   2.080376e-01     2.811907e+01       2.821369e+01     1.032082e-01   2.257546e+00
5.359375e+01  2.000000e+04  2.809367e+01   2.037446e-01     2.788993e+01       2.798235e+01     1.013026e-01   2.259732e+00
5.390625e+01  2.000000e+04  2.789250e+01   1.980535e-01     2.769445e+01       2.778325e+01     9.941688e-02   2.261993e+00
5.421875e+01  2.000000e+04  2.695925e+01   1.837783e-01     2.677547e+01       2.685200e+01     9.759476e-02   2.265208e+00
5.453125e+01  2.000000e+04  2.633164e+01   1.746706e-01     2.615697e+01       2.622630e+01     9.586527e-02   2.268927e+00
5.484375e+01  2.000000e+04  2.622269e+01   1.717615e-01     2.605093e+01       2.611920e+01     9.417181e-02   2.272481e+00
5.515625e+01  2.000000e+04  2.582301e+01   1.672006e-01     2.565581e+01       2.572137e+01     9.249536e-02   2.276190e+00
5.546875e+01  2.000000e+04  2.542337e+01   1.634056e-01     2.525997e+01       2.532354e+01     9.085158e-02   2.280045e+00
5.578125e+01  2.000000e+04  2.531450e+01   1.598554e-01     2.515464e+01       2.521644e+01     8.922632e-02   2.283738e+00
5.609375e+01  2.000000e+04  2.468705e+01   1.477085e-01     2.453934e+01       2.459074e+01     8.764038e-02   2.287914e+00
5.640625e+01  2.000000e+04  2.375407e+01   1.346254e-01     2.361945e+01       2.365941e+01     8.614328e-02   2.292846e+00
5.671875e+01  2.000000e+04  2.354055e+01   1.297566e-01     2.341080e+01       2.344747e+01     8.470539e-02   2.297668e+00
5.703125e+01  2.000000e+04  2.308122e+01   1.223064e-01     2.295892e+01       2.298969e+01     8.329353e-02   2.302738e+00
5.734375e+01  2.000000e+04  2.207156e+01   1.113087e-01     2.196025e+01       2.198150e+01     8.195193e-02   2.308713e+00
5.765625e+01  2.000000e+04  2.176165e+01   1.071494e-01     2.165450e+01       2.167299e+01     8.067553e-02   2.314643e+00
5.796875e+01  2.000000e+04  2.159741e+01   1.050366e-01     2.149237e+01       2.151014e+01     7.941082e-02   2.320321e+00
5.828125e+01  2.000000e+04  2.109167e+01   1.012959e-01     2.099037e+01       2.100577e+01     7.816463e-02   2.326196e+00
5.859375e+01  2.000000e+04  2.086339e+01   1.001779e-01     2.076321e+01       2.077884e+01     7.694215e-02   2.331873e+00
5.890625e+01  2.000000e+04  2.084871e+01   1.010738e-01     2.074763e+01       2.076550e+01     7.571544e-02   2.337043e+00
5.921875e+01  2.000000e+04  2.084676e+01   1.025109e-01     2.074425e+01       2.076493e+01     7.447178e-02   2.341693e+00
5.953125e+01  2.000000e+04  2.084488e+01   1.039975e-01     2.074088e+01       2.076443e+01     7.321018e-02   2.345860e+00
5.984375e+01  2.000000e+04  2.084298e+01   1.054577e-01     2.073752e+01       2.076394e+01     7.193150e-02   2.349583e+00
6.015625e+01  2.000000e+04  2.084106e+01   1.069050e-01     2.073416e+01       2.076344e+01     7.063681e-02   2.352901e+00
6.046875e+01  2.000000e+04  2.083886e+01   1.083003e-01     2.073056e+01       2.076268e+01     6.932702e-02   2.355858e+00
6.078125e+01  2.000000e+04  2.080981e+01   1.084318e-01     2.070138e+01       2.073508e+01     6.800498e-02   2.358559e+00
6.109375e+01  2.000000e+04  2.049567e+01   1.041642e-01     2.039151e+01       2.042238e+01     6.669365e-02   2.361473e+00
6.140625e+01  2.000000e+04  2.002844e+01   9.896371e-02     1.992948e+01       1.995655e+01     6.542301e-02   2.364785e+00
6.171875e+01  2.000000e+04  1.993370e+01   9.756085e-02     1.983614e+01       1.986317e+01     6.418163e-02   2.367946e+00
6.203125e+01  2.000000e+04  1.992964e+01   9.804241e-02     1.983159e+01       1.986047e+01     6.293871e-02   2.370798e+00
6.234375e+01  2.000000e+04  1.992776e+01   9.893546e-02     1.982882e+01       1.985997e+01     6.168659e-02   2.373345e+00
6.265625e+01  2.000000e+04  1.992588e+01   9.989112e-02     1.982598e+01       1.985947e+01     6.042477e-02   2.375612e+00
6.296875e+01  2.000000e+04  1.992398e+01   1.008743e-01     1.982311e+01       1.985898e+01     5.915366e-02   2.377626e+00
6.328125e+01  2.000000e+04  1.992207e+01   1.019221e-01     1.982015e+01       1.985847e+01     5.787361e-02   2.379413e+00
6.359375e+01  2.000000e+04  1.991575e+01   1.025274e-01     1.981322e+01       1.985357e+01     5.658497e-02   2.381027e+00
6.390625e+01  2.000000e+04  1.972808e+01   9.882533e-02     1.962926e+01       1.966731e+01     5.530097e-02   2.382838e+00
6.421875e+01  2.000000e+04  1.879557e+01   8.746805e-02     1.870810e+01       1.873614e+01     5.407977e-02   2.385912e+00
6.453125e+01  2.000000e+04  1.816862e+01   8.024040e-02     1.808838e+01       1.811044e+01     5.295169e-02   2.389712e+00
6.484375e+01  2.000000e+04  1.806034e+01   7.715024e-02     1.798319e+01       1.800334e+01     5.186430e-02   2.393453e+00
6.515625e+01  2.000000e+04  1.766134e+01   7.174730e-02     1.758959e+01       1.760551e+01     5.080301e-02   2.397470e+00
6.546875e+01  2.000000e+04  1.726265e+01   6.761028e-02     1.719504e+01       1.720794e+01     4.978266e-02   2.401708e+00
6.578125e+01  2.000000e+04  1.718156e+01   6.621121e-02     1.711535e+01       1.712795e+01     4.878198e-02   2.405744e+00
6.609375e+01  2.000000e+04  1.686697e+01   6.322118e-02     1.680375e+01       1.681445e+01     4.779343e-02   2.409933e+00
6.640625e+01  2.000000e+04  1.640001e+01   6.005647e-02     1.633995e+01       1.634854e+01     4.683607e-02   2.414466e+00
6.671875e+01  2.000000e+04  1.629276e+01   5.891916e-02     1.623384e+01       1.624232e+01     4.590064e-02   2.418831e+00
6.703125e+01  2.000000e+04  1.606261e+01   5.628359e-02     1.600632e+01       1.601318e+01     4.497534e-02   2.423216e+00
6.734375e+01  2.000000e+04  1.555727e+01   5.242401e-02     1.550485e+01       1.550883e+01     4.407988e-02   2.427979e+00
6.765625e+01  2.000000e+04  1.539903e+01   5.098981e-02     1.534804e+01       1.535155e+01     4.321199e-02   2.432625e+00
6.796875e+01  2.000000e+04  1.524080e+01   4.912207e-02     1.519168e+01       1.519426e+01     4.235214e-02   2.437173e+00
6.828125e+01  2.000000e+04  1.473553e+01   4.540379e-02     1.469013e+01       1.468991e+01     4.151661e-02   2.442109e+00
6.859375e+01  2.000000e+04  1.450772e+01   4.377819e-02     1.446394e+01       1.446298e+01     4.071181e-02   2.447013e+00
6.890625e+01  2.000000e+04  1.449350e+01   4.374337e-02     1.444976e+01       1.444964e+01     3.991208e-02   2.451551e+00
6.921875e+01  2.000000e+04  1.449204e+01   4.418089e-02     1.444786e+01       1.444907e+01     3.910520e-02   2.455693e+00
6.953125e+01  2.000000e+04  1.449065e+01   4.471802e-02     1.444593e+01       1.444857e+01     3.828932e-02   2.459456e+00
6.984375e+01  2.000000e+04  1.448925e+01   4.529744e-02     1.444395e+01       1.444808e+01     3.746424e-02   2.462863e+00
7.015625e+01  2.000000e+04  1.448783e+01   4.593595e-02     1.444190e+01       1.444758e+01     3.662993e-02   2.465936e+00
7.046875e+01  2.000000e+04  1.448615e+01   4.663958e-02     1.443951e+01       1.444682e+01     3.578610e-02   2.468705e+00
7.078125e+01  2.000000e+04  1.445761e+01   4.665684e-02     1.441095e+01       1.441922e+01     3.493387e-02   2.471281e+00
7.109375e+01  2.000000e+04  1.414399e+01   4.392291e-02     1.410006e+01       1.410652e+01     3.409265e-02   2.474254e+00
7.140625e+01  2.000000e+04  1.367727e+01   4.080278e-02     1.363646e+01       1.364069e+01     3.328866e-02   2.477854e+00
7.171875e+01  2.000000e+04  1.358304e+01   3.990754e-02     1.354313e+01       1.354731e+01     3.251314e-02   2.481369e+00
7.203125e+01  2.000000e+04  1.357949e+01   4.007068e-02     1.353942e+01       1.354461e+01     3.173891e-02   2.484590e+00
7.234375e+01  2.000000e+04  1.357811e+01   4.059118e-02     1.353752e+01       1.354409e+01     3.095810e-02   2.487508e+00
7.265625e+01  2.000000e+04  1.357118e+01   4.108461e-02     1.353009e+01       1.353803e+01     3.016864e-02   2.490168e+00
7.296875e+01  2.000000e+04  1.341859e+01   4.024716e-02     1.337834e+01       1.338631e+01     2.937776e-02   2.492935e+00
7.328125e+01  2.000000e+04  1.291341e+01   3.788758e-02     1.287553e+01       1.288198e+01     2.860961e-02   2.496503e+00
7.359375e+01  2.000000e+04  1.268347e+01   3.704373e-02     1.264642e+01       1.265284e+01     2.787259e-02   2.500313e+00
7.390625e+01  2.000000e+04  1.257645e+01   3.623590e-02     1.254022e+01       1.254662e+01     2.714647e-02   2.504181e+00
7.421875e+01  2.000000e+04  1.210977e+01   3.394596e-02     1.207582e+01       1.208071e+01     2.644281e-02   2.508901e+00
7.453125e+01  2.000000e+04  1.179553e+01   3.300173e-02     1.176253e+01       1.176721e+01     2.577356e-02   2.514053e+00
7.484375e+01  2.000000e+04  1.171482e+01   3.194018e-02     1.168288e+01       1.168722e+01     2.511831e-02   2.519097e+00
7.515625e+01  2.000000e+04  1.131656e+01   2.793673e-02     1.128862e+01       1.128965e+01     2.448590e-02   2.524550e+00
7.546875e+01  2.000000e+04  1.091860e+01   2.482171e-02     1.089378e+01       1.089234e+01     2.389474e-02   2.530329e+00
7.578125e+01  2.000000e+04  1.086509e+01   2.415989e-02     1.084093e+01       1.083946e+01     2.332439e-02   2.535816e+00
7.609375e+01  2.000000e+04  1.086317e+01   2.446057e-02     1.083870e+01       1.083816e+01     2.275087e-02   2.540890e+00
7.640625e+01  2.000000e+04  1.086195e+01   2.504698e-02     1.083690e+01       1.083759e+01     2.216872e-02   2.545562e+00
7.671875e+01  2.000000e+04  1.084796e+01   2.538094e-02     1.082258e+01       1.082425e+01     2.157689e-02   2.549901e+00
7.703125e+01  2.000000e+04  1.062038e+01   2.379388e-02     1.059659e+01       1.059732e+01     2.098747e-02   2.554378e+00
7.734375e+01  2.000000e+04  1.011542e+01   2.108634e-02     1.009433e+01       1.009297e+01     2.042533e-02   2.559478e+00
7.765625e+01  2.000000e+04  9.957544e+00   2.010479e-02     9.937439e+00       9.935685e+00     1.989165e-02   2.564564e+00
7.796875e+01  2.000000e+04  9.799681e+00   1.914206e-02     9.780539e+00       9.778399e+00     1.936706e-02   2.569645e+00
7.828125e+01  2.000000e+04  9.294772e+00   1.747935e-02     9.277292e+00       9.274046e+00     1.886085e-02   2.575326e+00
7.859375e+01  2.000000e+04  9.065105e+00   1.691140e-02     9.048194e+00       9.044909e+00     1.837798e-02   2.581123e+00
7.890625e+01  2.000000e+04  8.958368e+00   1.604483e-02     8.942323e+00       8.938692e+00     1.790443e-02   2.586933e+00
7.921875e+01  2.000000e+04  8.491959e+00   1.367669e-02     8.478283e+00       8.472778e+00     1.745489e-02   2.593646e+00
7.953125e+01  2.000000e+04  8.178806e+00   1.244470e-02     8.166362e+00       8.160078e+00     1.704317e-02   2.600784e+00
7.984375e+01  2.000000e+04  8.150773e+00   1.212628e-02     8.138646e+00       8.132479e+00     1.664737e-02   2.607595e+00
8.015625e+01  2.000000e+04  8.149579e+00   1.212006e-02     8.137459e+00       8.131720e+00     1.625170e-02   2.613964e+00
8.046875e+01  2.000000e+04  8.148644e+00   1.222089e-02     8.136423e+00       8.131224e+00     1.585210e-02   2.619883e+00
8.078125e+01  2.000000e+04  8.147704e+00   1.236423e-02     8.135340e+00       8.130729e+00     1.544733e-02   2.625363e+00
8.109375e+01  2.000000e+04  8.146757e+00   1.252788e-02     8.134229e+00       8.130233e+00     1.503697e-02   2.630422e+00
8.140625e+01  2.000000e+04  8.145804e+00   1.270469e-02     8.133100e+00       8.129737e+00     1.462088e-02   2.635080e+00
8.171875e+01  2.000000e+04  8.144845e+00   1.289736e-02     8.131948e+00       8.129242e+00     1.419900e-02   2.639360e+00
8.203125e+01  2.000000e+04  8.143879e+00   1.312265e-02     8.130757e+00       8.128746e+00     1.377119e-02   2.643284e+00
8.234375e+01  2.000000e+04  8.142885e+00   1.342434e-02     8.129461e+00       8.128229e+00     1.333687e-02   2.646876e+00
8.265625e+01  2.000000e+04  8.136336e+00   1.370509e-02     8.122631e+00       8.122166e+00     1.289483e-02   2.650197e+00
8.296875e+01  2.000000e+04  7.984131e+00   1.309866e-02     7.971032e+00       7.970447e+00     1.245195e-02   2.653802e+00
8.328125e+01  2.000000e+04  7.479341e+00   1.149410e-02     7.467847e+00       7.466121e+00     1.203024e-02   2.658753e+00
8.359375e+01  2.000000e+04  7.251983e+00   1.097458e-02     7.241008e+00       7.239190e+00     1.164114e-02   2.664137e+00
8.390625e+01  2.000000e+04  7.238228e+00   1.088355e-02     7.227344e+00       7.225852e+00     1.126252e-02   2.669279e+00
8.421875e+01  2.000000e+04  7.237238e+00   1.092641e-02     7.226311e+00       7.225277e+00     1.088414e-02   2.674099e+00
8.453125e+01  2.000000e+04  7.236323e+00   1.102017e-02     7.225303e+00       7.224781e+00     1.050311e-02   2.678596e+00
8.484375e+01  2.000000e+04  7.235405e+00   1.113351e-02     7.224271e+00       7.224286e+00     1.011852e-02   2.682779e+00
8.515625e+01  2.000000e+04  7.234482e+00   1.125478e-02     7.223228e+00       7.223790e+00     9.730128e-03   2.686664e+00
8.546875e+01  2.000000e+04  7.233556e+00   1.137979e-02     7.222176e+00       7.223294e+00     9.337912e-03   2.690270e+00
8.578125e+01  2.000000e+04  7.232625e+00   1.150794e-02     7.221117e+00       7.222799e+00     8.941942e-03   2.693615e+00
8.609375e+01  2.000000e+04  7.231690e+00   1.164131e-02     7.220049e+00       7.222303e+00     8.542294e-03   2.696718e+00
8.640625e+01  2.000000e+04  7.230751e+00   1.178519e-02     7.218966e+00       7.221807e+00     8.139005e-03   2.699597e+00
8.671875e+01  2.000000e+04  7.229809e+00   1.195060e-02     7.217858e+00       7.221312e+00     7.731993e-03   2.702270e+00
8.703125e+01  2.000000e+04  7.228861e+00   1.216186e-02     7.216699e+00       7.220816e+00     7.320937e-03   2.704756e+00
8.734375e+01  2.000000e+04  7.227887e+00   1.247229e-02     7.215415e+00       7.220299e+00     6.904978e-03   2.707072e+00
8.765625e+01  2.000000e+04  7.221359e+00   1.279810e-02     7.208561e+00       7.214236e+00     6.482404e-03   2.709277e+00
8.796875e+01  2.000000e+04  7.069176e+00   1.228972e-02     7.056887e+00       7.062517e+00     6.059622e-03   2.711943e+00
8.828125e+01  2.000000e+04  6.564403e+00   1.089545e-02     6.553508e+00       6.558186e+00     5.658001e-03   2.716164e+00
8.859375e+01  2.000000e+04  6.334860e+00   1.065951e-02     6.324200e+00       6.329049e+00     5.287401e-03   2.720998e+00
8.890625e+01  2.000000e+04  6.228249e+00   9.984920e-03     6.218264e+00       6.222832e+00     4.928814e-03   2.726062e+00
8.921875e+01  2.000000e+04  5.761968e+00   7.646861e-03     5.754321e+00       5.756917e+00     4.596147e-03   2.732294e+00
8.953125e+01  2.000000e+04  5.448148e+00   6.527428e-03     5.441620e+00       5.443419e+00     4.303097e-03   2.739146e+00
8.984375e+01  2.000000e+04  5.367855e+00   6.084367e-03     5.361770e+00       5.363431e+00     4.026092e-03   2.745970e+00
9.015625e+01  2.000000e+04  4.969995e+00   4.887608e-03     4.965107e+00       4.965860e+00     3.762627e-03   2.753623e+00
9.046875e+01  2.000000e+04  4.572162e+00   4.243792e-03     4.567918e+00       4.568289e+00     3.524042e-03   2.762044e+00
9.078125e+01  2.000000e+04  4.491927e+00   4.088496e-03     4.487839e+00       4.488301e+00     3.299539e-03   2.770463e+00
9.109375e+01  2.000000e+04  4.178195e+00   3.273433e-03     4.174921e+00       4.174803e+00     3.086231e-03   2.779923e+00
9.140625e+01  2.000000e+04  3.712148e+00   2.582385e-03     3.709565e+00       3.708967e+00     2.894618e-03   2.790937e+00
9.171875e+01  2.000000e+04  3.618586e+00   2.536566e-03     3.616049e+00       3.615593e+00     2.723763e-03   2.802004e+00
9.203125e+01  2.000000e+04  3.615703e+00   2.575267e-03     3.613128e+00       3.612892e+00     2.558704e-03   2.812707e+00
9.234375e+01  2.000000e+04  3.615021e+00   2.666591e-03     3.612354e+00       3.612391e+00     2.393313e-03   2.823009e+00
9.265625e+01  2.000000e+04  3.614339e+00   2.816346e-03     3.611523e+00       3.611895e+00     2.224146e-03   2.832904e+00
9.296875e+01  2.000000e+04  3.613651e+00   3.052197e-03     3.610598e+00       3.611399e+00     2.048575e-03   2.842404e+00
9.328125e+01  2.000000e+04  3.612935e+00   3.466285e-03     3.609469e+00       3.610888e+00     1.863081e-03   2.851535e+00
9.359375e+01  2.000000e+04  3.605600e+00   4.104846e-03     3.601495e+00       3.603775e+00     1.660878e-03   2.860407e+00
9.390625e+01  2.000000e+04  3.326233e+00   3.860958e-03     3.322372e+00       3.324645e+00     1.444481e-03   2.870564e+00
9.421875e+01  2.000000e+04  1.929509e+00   1.142957e-03     1.928366e+00       1.928131e+00     1.254381e-03   2.887087e+00
9.453125e+01  2.000000e+04  9.922680e-01   2.730916e-04     9.919949e-01       9.910204e-01     1.135334e-03   2.907912e+00
9.484375e+01  2.000000e+04  9.103753e-01   2.626347e-04     9.101127e-01       9.092154e-01     1.055502e-03   2.929155e+00
9.515625e+01  2.000000e+04  9.090232e-01   2.491443e-04     9.087741e-01       9.079308e-01     9.941279e-04   2.950297e+00
9.546875e+01  2.000000e+04  9.084676e-01   2.349582e-04     9.082327e-01       9.074344e-01     9.402440e-04   2.971272e+00
9.578125e+01  2.000000e+04  9.079159e-01   2.312636e-04     9.076847e-01       9.069387e-01     8.892383e-04   2.992042e+00
9.609375e+01  2.000000e+04  9.073651e-01   2.364670e-04     9.071286e-01       9.064431e-01     8.390051e-04   3.012589e+00
9.640625e+01  2.000000e+04  9.068139e-01   2.487322e-04     9.065651e-01       9.059475e-01     7.883800e-04   3.032905e+00
9.671875e+01  2.000000e+04  9.062613e-01   2.674591e-04     9.059939e-01       9.054519e-01     7.365958e-04   3.052990e+00
9.703125e+01  2.000000e+04  9.057068e-01   2.934571e-04     9.054134e-01       9.049562e-01     6.830396e-04   3.072849e+00
9.734375e+01  2.000000e+04  9.051498e-01   3.295269e-04     9.048202e-01       9.044606e-01     6.271045e-04   3.092495e+00
9.765625e+01  2.000000e+04  9.045892e-01   3.822743e-04     9.042070e-01       9.039650e-01     5.680444e-04   3.111949e+00
9.796875e+01  2.000000e+04  9.040240e-01   4.676155e-04     9.035564e-01       9.034694e-01     5.047496e-04   3.131239e+00
9.828125e+01  2.000000e+04  9.034467e-01   6.290061e-04     9.028177e-01       9.029684e-01     4.352556e-04   3.150405e+00
9.859375e+01  2.000000e+04  9.006579e-01   9.207819e-04     8.997371e-01       9.002671e-01     3.555791e-04   3.169533e+00
9.890625e+01  2.000000e+04  8.071834e-01   1.020246e-03     8.061632e-01       8.068934e-01     2.639561e-04   3.189363e+00
9.921875e+01  2.000000e+04  3.412475e-01   1.971632e-04     3.410503e-01       3.410580e-01     1.723989e-04   3.212217e+00
9.953125e+01  2.000000e+04  2.846963e-02   -6.263824e-05    2.853227e-02       2.835739e-02     1.021403e-04   3.237272e+00
9.984375e+01  2.000000e+04  8.102831e-04   -1.225332e-05    8.225365e-04       7.586344e-04     4.700031e-05   3.262803e+00
